36349.66039  0.0000 
32800.71332  0.0060 
30085.28206  0.0120 
27993.18656  0.0180 
26365.12382  0.0240 
25081.69942  0.0301 
24054.23971  0.0361 
23217.28778  0.0421 
22522.66892  0.0481 
21934.93676  0.0541 
21427.96193  0.0601 
20982.41967  0.0661 
20583.95858  0.0721 
20221.87241  0.0782 
19888.13755  0.0842 
19576.71401  0.0902 
19283.03573  0.0962 
19003.63706  0.1022 
18735.87751  0.1082 
18477.73781  0.1142 
18227.66812  0.1202 
17984.47433  0.1263 
17747.23271  0.1323 
17515.22555  0.1383 
17287.89244  0.1443 
17064.79334  0.1503 
16845.58049  0.1563 
16629.97701  0.1623 
16417.76060  0.1683 
16208.75102  0.1743 
16002.80058  0.1804 
15799.78677  0.1864 
15599.60668  0.1924 
15402.17267  0.1984 
15207.40906  0.2044 
15015.24953  0.2104 
14825.63519  0.2164 
14638.51303  0.2224 
14453.83474  0.2285 
14271.55580  0.2345 
14091.63476  0.2405 
13914.03268  0.2465 
13738.71270  0.2525 
13565.63971  0.2585 
13394.78006  0.2645 
13226.10136  0.2705 
13059.57229  0.2766 
12895.16252  0.2826 
12732.84252  0.2886 
12572.58354  0.2946 
12414.35751  0.3006 
12258.13699  0.3066 
12103.89509  0.3126 
11951.60549  0.3186 
11801.24234  0.3246 
11652.78028  0.3307 
11506.19438  0.3367 
11361.46015  0.3427 
11218.55349  0.3487 
11077.45071  0.3547 
10938.12845  0.3607 
10800.56377  0.3667 
10664.73402  0.3727 
10530.61692  0.3788 
10398.19052  0.3848 
10267.43317  0.3908 
10138.32353  0.3968 
10010.84059  0.4028 
 9884.96360  0.4088 
 9760.67211  0.4148 
 9637.94596  0.4208 
 9516.76526  0.4269 
 9397.11039  0.4329 
 9278.96199  0.4389 
 9162.30096  0.4449 
 9047.10846  0.4509 
 8933.36590  0.4569 
 8821.05494  0.4629 
 8710.15747  0.4689 
 8600.65561  0.4749 
 8492.53175  0.4810 
 8385.76846  0.4870 
 8280.34858  0.4930 
 8176.25514  0.4990 
 8073.47141  0.5050 
 7971.98087  0.5110 
 7871.76721  0.5170 
 7772.81433  0.5230 
 7675.10633  0.5291 
 7578.62753  0.5351 
 7483.36244  0.5411 
 7389.29576  0.5471 
 7296.41240  0.5531 
 7204.69745  0.5591 
 7114.13620  0.5651 
 7024.71412  0.5711 
 6936.41686  0.5772 
 6849.23027  0.5832 
 6763.14036  0.5892 
 6678.13333  0.5952 
 6594.19555  0.6012 
 6511.31355  0.6072 
 6429.47406  0.6132 
 6348.66394  0.6192 
 6268.87026  0.6253 
 6190.08021  0.6313 
 6112.28117  0.6373 
 6035.46067  0.6433 
 5959.60639  0.6493 
 5884.70619  0.6553 
 5810.74806  0.6613 
 5737.72013  0.6673 
 5665.61073  0.6733 
 5594.40827  0.6794 
 5524.10137  0.6854 
 5454.67875  0.6914 
 5386.12928  0.6974 
 5318.44199  0.7034 
 5251.60603  0.7094 
 5185.61069  0.7154 
 5120.44539  0.7214 
 5056.09970  0.7275 
 4992.56330  0.7335 
 4929.82602  0.7395 
 4867.87780  0.7455 
 4806.70872  0.7515 
 4746.30898  0.7575 
 4686.66891  0.7635 
 4627.77894  0.7695 
 4569.62964  0.7756 
 4512.21170  0.7816 
 4455.51591  0.7876 
 4399.53321  0.7936 
 4344.25460  0.7996 
 4289.67125  0.8056 
 4235.77440  0.8116 
 4182.55542  0.8176 
 4130.00579  0.8236 
 4078.11708  0.8297 
 4026.88098  0.8357 
 3976.28929  0.8417 
 3926.33390  0.8477 
 3877.00681  0.8537 
 3828.30011  0.8597 
 3780.20600  0.8657 
 3732.71678  0.8717 
 3685.82484  0.8778 
 3639.52267  0.8838 
 3593.80284  0.8898 
 3548.65804  0.8958 
 3504.08104  0.9018 
 3460.06468  0.9078 
 3416.60193  0.9138 
 3373.68581  0.9198 
 3331.30945  0.9259 
 3289.46607  0.9319 
 3248.14896  0.9379 
 3207.35149  0.9439 
 3167.06715  0.9499 
 3127.28946  0.9559 
 3088.01207  0.9619 
 3049.22867  0.9679 
 3010.93306  0.9739 
 2973.11909  0.9800 
 2935.78072  0.9860 
 2898.91196  0.9920 
 2862.50690  0.9980 
 2826.55971  1.0040 
 2791.06463  1.0100 
 2756.01598  1.0160 
 2721.40814  1.0220 
 2687.23557  1.0281 
 2653.49279  1.0341 
 2620.17440  1.0401 
 2587.27506  1.0461 
 2554.78950  1.0521 
 2522.71251  1.0581 
 2491.03896  1.0641 
 2459.76378  1.0701 
 2428.88194  1.0762 
 2398.38851  1.0822 
 2368.27860  1.0882 
 2338.54739  1.0942 
 2309.19011  1.1002 
 2280.20206  1.1062 
 2251.57859  1.1122 
 2223.31513  1.1182 
 2195.40714  1.1242 
 2167.85016  1.1303 
 2140.63976  1.1363 
 2113.77159  1.1423 
 2087.24134  1.1483 
 2061.04477  1.1543 
 2035.17768  1.1603 
 2009.63592  1.1663 
 1984.41540  1.1723 
 1959.51208  1.1784 
 1934.92198  1.1844 
 1910.64115  1.1904 
 1886.66570  1.1964 
 1862.99180  1.2024 
 1839.61564  1.2084 
 1816.53349  1.2144 
 1793.74165  1.2204 
 1771.23646  1.2265 
 1749.01432  1.2325 
 1727.07168  1.2385 
 1705.40501  1.2445 
 1684.01084  1.2505 
 1662.88576  1.2565 
 1642.02636  1.2625 
 1621.42932  1.2685 
 1601.09132  1.2745 
 1581.00913  1.2806 
 1561.17950  1.2866 
 1541.59928  1.2926 
 1522.26532  1.2986 
 1503.17453  1.3046 
 1484.32384  1.3106 
 1465.71024  1.3166 
 1447.33075  1.3226 
 1429.18242  1.3287 
 1411.26234  1.3347 
 1393.56765  1.3407 
 1376.09550  1.3467 
 1358.84310  1.3527 
 1341.80769  1.3587 
 1324.98654  1.3647 
 1308.37694  1.3707 
 1291.97625  1.3768 
 1275.78184  1.3828 
 1259.79110  1.3888 
 1244.00148  1.3948 
 1228.41044  1.4008 
 1213.01550  1.4068 
 1197.81418  1.4128 
 1182.80405  1.4188 
 1167.98271  1.4248 
 1153.34777  1.4309 
 1138.89690  1.4369 
 1124.62779  1.4429 
 1110.53813  1.4489 
 1096.62568  1.4549 
 1082.88822  1.4609 
 1069.32353  1.4669 
 1055.92944  1.4729 
 1042.70382  1.4790 
 1029.64453  1.4850 
 1016.74949  1.4910 
 1004.01664  1.4970 
  991.44393  1.5030 
  979.02934  1.5090 
  966.77090  1.5150 
  954.66663  1.5210 
  942.71460  1.5271 
  930.91289  1.5331 
  919.25962  1.5391 
  907.75290  1.5451 
  896.39091  1.5511 
  885.17182  1.5571 
  874.09384  1.5631 
  863.15518  1.5691 
  852.35410  1.5752 
  841.68887  1.5812 
  831.15778  1.5872 
  820.75913  1.5932 
  810.49128  1.5992 
  800.35256  1.6052 
  790.34136  1.6112 
  780.45607  1.6172 
  770.69510  1.6232 
  761.05691  1.6293 
  751.53993  1.6353 
  742.14265  1.6413 
  732.86356  1.6473 
  723.70118  1.6533 
  714.65403  1.6593 
  705.72067  1.6653 
  696.89967  1.6713 
  688.18961  1.6774 
  679.58909  1.6834 
  671.09675  1.6894 
  662.71121  1.6954 
  654.43114  1.7014 
  646.25521  1.7074 
  638.18211  1.7134 
  630.21055  1.7194 
  622.33925  1.7255 
  614.56694  1.7315 
  606.89239  1.7375 
  599.31436  1.7435 
  591.83164  1.7495 
  584.44304  1.7555 
  577.14736  1.7615 
  569.94343  1.7675 
  562.83012  1.7735 
  555.80627  1.7796 
  548.87076  1.7856 
  542.02247  1.7916 
  535.26032  1.7976 
  528.58322  1.8036 
  521.99010  1.8096 
  515.47990  1.8156 
  509.05157  1.8216 
  502.70410  1.8277 
  496.43646  1.8337 
  490.24765  1.8397 
  484.13668  1.8457 
  478.10257  1.8517 
  472.14435  1.8577 
  466.26106  1.8637 
  460.45177  1.8697 
  454.71555  1.8758 
  449.05147  1.8818 
  443.45863  1.8878 
  437.93612  1.8938 
  432.48308  1.8998 
  427.09862  1.9058 
  421.78188  1.9118 
  416.53201  1.9178 
  411.34817  1.9238 
  406.22953  1.9299 
  401.17527  1.9359 
  396.18457  1.9419 
  391.25664  1.9479 
  386.39069  1.9539 
  381.58594  1.9599 
  376.84162  1.9659 
  372.15697  1.9719 
  367.53124  1.9780 
  362.96369  1.9840 
  358.45359  1.9900 
  354.00020  1.9960 
  349.60283  2.0020 
  345.26077  2.0080 
  340.97332  2.0140 
  336.73979  2.0200 
  332.55950  2.0261 
  328.43180  2.0321 
  324.35600  2.0381 
  320.33147  2.0441 
  316.35756  2.0501 
  312.43363  2.0561 
  308.55904  2.0621 
  304.73319  2.0681 
  300.95546  2.0741 
  297.22524  2.0802 
  293.54194  2.0862 
  289.90496  2.0922 
  286.31372  2.0982 
  282.76765  2.1042 
  279.26619  2.1102 
  275.80876  2.1162 
  272.39481  2.1222 
  269.02380  2.1283 
  265.69519  2.1343 
  262.40844  2.1403 
  259.16304  2.1463 
  255.95844  2.1523 
  252.79416  2.1583 
  249.66967  2.1643 
  246.58448  2.1703 
  243.53809  2.1764 
  240.53002  2.1824 
  237.55978  2.1884 
  234.62689  2.1944 
  231.73090  2.2004 
  228.87132  2.2064 
  226.04772  2.2124 
  223.25962  2.2184 
  220.50659  2.2244 
  217.78819  2.2305 
  215.10398  2.2365 
  212.45352  2.2425 
  209.83640  2.2485 
  207.25220  2.2545 
  204.70050  2.2605 
  202.18089  2.2665 
  199.69297  2.2725 
  197.23634  2.2786 
  194.81061  2.2846 
  192.41539  2.2906 
  190.05029  2.2966 
  187.71494  2.3026 
  185.40897  2.3086 
  183.13199  2.3146 
  180.88365  2.3206 
  178.66359  2.3267 
  176.47145  2.3327 
  174.30688  2.3387 
  172.16954  2.3447 
  170.05908  2.3507 
  167.97516  2.3567 
  165.91745  2.3627 
  163.88562  2.3687 
  161.87935  2.3747 
  159.89831  2.3808 
  157.94218  2.3868 
  156.01066  2.3928 
  154.10343  2.3988 
  152.22019  2.4048 
  150.36063  2.4108 
  148.52446  2.4168 
  146.71139  2.4228 
  144.92112  2.4289 
  143.15336  2.4349 
  141.40784  2.4409 
  139.68427  2.4469 
  137.98238  2.4529 
  136.30190  2.4589 
  134.64255  2.4649 
  133.00407  2.4709 
  131.38619  2.4770 
  129.78867  2.4830 
  128.21124  2.4890 
  126.65365  2.4950 
  125.11564  2.5010 
  123.59698  2.5070 
  122.09742  2.5130 
  120.61673  2.5190 
  119.15465  2.5251 
  117.71096  2.5311 
  116.28543  2.5371 
  114.87783  2.5431 
  113.48794  2.5491 
  112.11552  2.5551 
  110.76037  2.5611 
  109.42226  2.5671 
  108.10098  2.5731 
  106.79631  2.5792 
  105.50806  2.5852 
  104.23601  2.5912 
  102.97995  2.5972 
  101.73970  2.6032 
  100.51504  2.6092 
   99.30579  2.6152 
   98.11174  2.6212 
   96.93271  2.6273 
   95.76852  2.6333 
   94.61896  2.6393 
   93.48386  2.6453 
   92.36304  2.6513 
   91.25631  2.6573 
   90.16351  2.6633 
   89.08445  2.6693 
   88.01896  2.6754 
   86.96687  2.6814 
   85.92801  2.6874 
   84.90222  2.6934 
   83.88933  2.6994 
   82.88918  2.7054 
   81.90161  2.7114 
   80.92646  2.7174 
   79.96357  2.7234 
   79.01280  2.7295 
   78.07398  2.7355 
   77.14697  2.7415 
   76.23162  2.7475 
   75.32778  2.7535 
   74.43531  2.7595 
   73.55407  2.7655 
   72.68390  2.7715 
   71.82469  2.7776 
   70.97627  2.7836 
   70.13853  2.7896 
   69.31133  2.7956 
   68.49453  2.8016 
   67.68800  2.8076 
   66.89162  2.8136 
   66.10525  2.8196 
   65.32877  2.8257 
   64.56206  2.8317 
   63.80499  2.8377 
   63.05744  2.8437 
   62.31930  2.8497 
   61.59044  2.8557 
   60.87074  2.8617 
   60.16010  2.8677 
   59.45840  2.8737 
   58.76552  2.8798 
   58.08135  2.8858 
   57.40579  2.8918 
   56.73873  2.8978 
   56.08006  2.9038 
   55.42967  2.9098 
   54.78746  2.9158 
   54.15333  2.9218 
   53.52717  2.9279 
   52.90889  2.9339 
   52.29838  2.9399 
   51.69556  2.9459 
   51.10031  2.9519 
   50.51255  2.9579 
   49.93219  2.9639 
   49.35912  2.9699 
   48.79326  2.9760 
   48.23452  2.9820 
   47.68280  2.9880 
   47.13803  2.9940 
   46.60010  3.0000 
