0.750000 0.086529 20.713 0.879424 0.830923
0.751256 0.086191 20.684 0.879664 0.831382
0.752513 0.085856 20.655 0.879899 0.831839
0.753769 0.085523 20.626 0.880132 0.832291
0.755025 0.085193 20.597 0.880361 0.832741
0.756281 0.084864 20.568 0.880586 0.833187
0.757538 0.084538 20.540 0.880809 0.833630
0.758794 0.084214 20.511 0.881028 0.834069
0.760050 0.083891 20.483 0.881244 0.834506
0.761307 0.083571 20.454 0.881457 0.834939
0.762563 0.083253 20.426 0.881667 0.835369
0.763819 0.082938 20.398 0.881873 0.835795
0.765075 0.082624 20.370 0.882077 0.836219
0.766332 0.082312 20.342 0.882277 0.836640
0.767588 0.082002 20.314 0.882475 0.837057
0.768844 0.081694 20.287 0.882669 0.837472
0.770101 0.081388 20.259 0.882861 0.837883
0.771357 0.081084 20.232 0.883049 0.838292
0.772613 0.080782 20.204 0.883235 0.838697
0.773869 0.080482 20.177 0.883417 0.839100
0.775126 0.080184 20.150 0.883597 0.839500
0.776382 0.079888 20.123 0.883774 0.839896
0.777638 0.079593 20.096 0.883948 0.840290
0.778894 0.079300 20.069 0.884119 0.840681
0.780151 0.079009 20.042 0.884287 0.841070
0.781407 0.078720 20.016 0.884453 0.841455
0.782663 0.078433 19.989 0.884616 0.841838
0.783920 0.078147 19.963 0.884776 0.842218
0.785176 0.077864 19.936 0.884934 0.842595
0.786432 0.077582 19.910 0.885089 0.842970
0.787688 0.077301 19.884 0.885241 0.843342
0.788945 0.077022 19.858 0.885390 0.843711
0.790201 0.076745 19.832 0.885537 0.844077
0.791457 0.076470 19.806 0.885682 0.844441
0.792714 0.076196 19.780 0.885823 0.844803
0.793970 0.075924 19.754 0.885963 0.845162
0.795226 0.075654 19.729 0.886099 0.845518
0.796482 0.075385 19.703 0.886234 0.845872
0.797739 0.075118 19.678 0.886365 0.846223
0.798995 0.074852 19.653 0.886495 0.846572
0.800251 0.074588 19.628 0.886621 0.846918
0.801508 0.074326 19.602 0.886746 0.847262
0.802764 0.074065 19.577 0.886868 0.847603
0.804020 0.073806 19.553 0.886987 0.847942
0.805276 0.073548 19.528 0.887104 0.848279
0.806533 0.073291 19.503 0.887219 0.848613
0.807789 0.073036 19.478 0.887332 0.848945
0.809045 0.072783 19.454 0.887442 0.849274
0.810302 0.072531 19.429 0.887550 0.849601
0.811558 0.072280 19.405 0.887655 0.849926
0.812814 0.072031 19.381 0.887759 0.850249
0.814070 0.071784 19.356 0.887860 0.850569
0.815327 0.071537 19.332 0.887959 0.850887
0.816583 0.071292 19.308 0.888055 0.851203
0.817839 0.071049 19.284 0.888150 0.851516
0.819095 0.070807 19.261 0.888242 0.851828
0.820352 0.070566 19.237 0.888332 0.852137
0.821608 0.070327 19.213 0.888420 0.852444
0.822864 0.070089 19.190 0.888505 0.852749
0.824121 0.069852 19.166 0.888589 0.853052
0.825377 0.069617 19.143 0.888671 0.853352
0.826633 0.069382 19.119 0.888750 0.853651
0.827889 0.069150 19.096 0.888827 0.853947
0.829146 0.068918 19.073 0.888903 0.854242
0.830402 0.068688 19.050 0.888976 0.854534
0.831658 0.068459 19.027 0.889047 0.854824
0.832915 0.068231 19.004 0.889116 0.855113
0.834171 0.068005 18.981 0.889183 0.855399
0.835427 0.067780 18.958 0.889248 0.855683
0.836683 0.067556 18.936 0.889311 0.855965
0.837940 0.067333 18.913 0.889373 0.856245
0.839196 0.067111 18.891 0.889432 0.856524
0.840452 0.066891 18.868 0.889489 0.856800
0.841709 0.066672 18.846 0.889544 0.857074
0.842965 0.066454 18.824 0.889598 0.857347
0.844221 0.066237 18.802 0.889649 0.857618
0.845477 0.066021 18.779 0.889699 0.857886
0.846734 0.065807 18.757 0.889747 0.858153
0.847990 0.065593 18.735 0.889792 0.858418
0.849246 0.065381 18.714 0.889836 0.858681
0.850503 0.065170 18.692 0.889879 0.858942
0.851759 0.064960 18.670 0.889919 0.859202
0.853015 0.064751 18.649 0.889957 0.859459
0.854271 0.064543 18.627 0.889994 0.859715
0.855528 0.064337 18.605 0.890029 0.859969
0.856784 0.064131 18.584 0.890062 0.860222
0.858040 0.063926 18.563 0.890093 0.860472
0.859296 0.063723 18.542 0.890123 0.860721
0.860553 0.063520 18.520 0.890151 0.860968
0.861809 0.063319 18.499 0.890177 0.861213
0.863065 0.063119 18.478 0.890201 0.861457
0.864322 0.062919 18.457 0.890224 0.861698
0.865578 0.062721 18.436 0.890245 0.861939
0.866834 0.062524 18.416 0.890264 0.862177
0.868090 0.062327 18.395 0.890281 0.862414
0.869347 0.062132 18.374 0.890297 0.862649
0.870603 0.061938 18.354 0.890311 0.862882
0.871859 0.061745 18.333 0.890324 0.863114
0.873116 0.061552 18.313 0.890334 0.863344
0.874372 0.061361 18.292 0.890344 0.863573
0.875628 0.061171 18.272 0.890351 0.863800
0.876884 0.060981 18.252 0.890357 0.864025
0.878141 0.060793 18.232 0.890361 0.864249
0.879397 0.060605 18.212 0.890364 0.864471
0.880653 0.060419 18.192 0.890365 0.864692
0.881910 0.060233 18.172 0.890364 0.864911
0.883166 0.060048 18.152 0.890362 0.865129
0.884422 0.059864 18.132 0.890359 0.865345
0.885678 0.059681 18.112 0.890353 0.865559
0.886935 0.059499 18.093 0.890347 0.865772
0.888191 0.059318 18.073 0.890338 0.865983
0.889447 0.059138 18.054 0.890328 0.866193
0.890704 0.058959 18.034 0.890317 0.866402
0.891960 0.058780 18.015 0.890304 0.866609
0.893216 0.058603 17.995 0.890290 0.866814
0.894472 0.058426 17.976 0.890274 0.867018
0.895729 0.058250 17.957 0.890256 0.867221
0.896985 0.058075 17.938 0.890237 0.867422
0.898241 0.057901 17.919 0.890217 0.867622
0.899497 0.057728 17.900 0.890195 0.867820
0.900754 0.057555 17.881 0.890171 0.868017
0.902010 0.057384 17.862 0.890147 0.868213
0.903266 0.057213 17.843 0.890120 0.868407
0.904523 0.057043 17.825 0.890093 0.868599
0.905779 0.056874 17.806 0.890063 0.868791
0.907035 0.056705 17.787 0.890033 0.868980
0.908291 0.056538 17.769 0.890001 0.869169
0.909548 0.056371 17.750 0.889967 0.869356
0.910804 0.056205 17.732 0.889933 0.869542
0.912060 0.056039 17.714 0.889896 0.869727
0.913317 0.055875 17.695 0.889859 0.869910
0.914573 0.055711 17.677 0.889820 0.870092
0.915829 0.055548 17.659 0.889779 0.870272
0.917085 0.055386 17.641 0.889737 0.870451
0.918342 0.055225 17.623 0.889694 0.870629
0.919598 0.055064 17.605 0.889650 0.870806
0.920854 0.054904 17.587 0.889604 0.870981
0.922111 0.054745 17.569 0.889557 0.871155
0.923367 0.054587 17.552 0.889508 0.871328
0.924623 0.054429 17.534 0.889458 0.871499
0.925879 0.054272 17.516 0.889407 0.871670
0.927136 0.054116 17.499 0.889354 0.871839
0.928392 0.053961 17.481 0.889300 0.872006
0.929648 0.053806 17.464 0.889245 0.872173
0.930905 0.053652 17.446 0.889189 0.872338
0.932161 0.053498 17.429 0.889131 0.872502
0.933417 0.053346 17.412 0.889072 0.872665
0.934673 0.053194 17.394 0.889011 0.872827
0.935930 0.053042 17.377 0.888950 0.872987
0.937186 0.052892 17.360 0.888887 0.873146
0.938442 0.052742 17.343 0.888823 0.873305
0.939698 0.052593 17.326 0.888757 0.873461
0.940955 0.052444 17.309 0.888690 0.873617
0.942211 0.052296 17.292 0.888622 0.873772
0.943467 0.052149 17.276 0.888553 0.873925
0.944724 0.052002 17.259 0.888483 0.874077
0.945980 0.051857 17.242 0.888411 0.874228
0.947236 0.051711 17.226 0.888338 0.874378
0.948492 0.051567 17.209 0.888264 0.874527
0.949749 0.051423 17.192 0.888188 0.874675
0.951005 0.051279 17.176 0.888112 0.874821
0.952261 0.051137 17.160 0.888034 0.874967
0.953518 0.050995 17.143 0.887955 0.875111
0.954774 0.050853 17.127 0.887874 0.875254
0.956030 0.050712 17.111 0.887793 0.875396
0.957286 0.050572 17.094 0.887710 0.875537
0.958543 0.050433 17.078 0.887626 0.875677
0.959799 0.050294 17.062 0.887541 0.875816
0.961055 0.050155 17.046 0.887455 0.875954
0.962312 0.050017 17.030 0.887368 0.876091
0.963568 0.049880 17.014 0.887279 0.876226
0.964824 0.049744 16.999 0.887189 0.876361
0.966080 0.049608 16.983 0.887098 0.876495
0.967337 0.049472 16.967 0.887006 0.876627
0.968593 0.049338 16.951 0.886913 0.876758
0.969849 0.049203 16.936 0.886819 0.876889
0.971106 0.049070 16.920 0.886723 0.877018
0.972362 0.048937 16.905 0.886627 0.877147
0.973618 0.048804 16.889 0.886529 0.877274
0.974874 0.048672 16.874 0.886430 0.877400
0.976131 0.048541 16.858 0.886330 0.877526
0.977387 0.048410 16.843 0.886229 0.877650
0.978643 0.048280 16.828 0.886126 0.877773
0.979899 0.048150 16.813 0.886023 0.877896
0.981156 0.048021 16.797 0.885918 0.878017
0.982412 0.047892 16.782 0.885813 0.878137
0.983668 0.047764 16.767 0.885706 0.878257
0.984925 0.047637 16.752 0.885598 0.878375
0.986181 0.047510 16.737 0.885489 0.878493
0.987437 0.047383 16.722 0.885379 0.878609
0.988693 0.047257 16.708 0.885268 0.878725
0.989950 0.047132 16.693 0.885156 0.878839
0.991206 0.047007 16.678 0.885043 0.878953
0.992462 0.046883 16.663 0.884929 0.879066
0.993719 0.046759 16.649 0.884813 0.879177
0.994975 0.046636 16.634 0.884697 0.879288
0.996231 0.046513 16.620 0.884579 0.879398
0.997487 0.046391 16.605 0.884461 0.879507
0.998744 0.046269 16.591 0.884341 0.879615
1.000000 0.046148 16.576 0.884220 0.879722
