0.001000 0.000042  5.313 0.120957 0.021402
0.006020 0.000255  5.321 0.133761 0.116336
0.011040 0.000467  5.330 0.146511 0.194460
0.016060 0.000680  5.340 0.159198 0.259861
0.021080 0.000894  5.350 0.171816 0.315399
0.026101 0.001107  5.362 0.184359 0.363137
0.031121 0.001321  5.375 0.196820 0.404601
0.036141 0.001534  5.389 0.209192 0.440942
0.041161 0.001749  5.404 0.221471 0.473047
0.046181 0.001963  5.420 0.233650 0.501608
0.051201 0.002177  5.436 0.245724 0.527176
0.056221 0.002392  5.454 0.257687 0.550191
0.061241 0.002607  5.473 0.269535 0.571013
0.066261 0.002823  5.493 0.281263 0.589936
0.071281 0.003038  5.513 0.292867 0.607203
0.076302 0.003254  5.535 0.304342 0.623019
0.081322 0.003470  5.557 0.315685 0.637557
0.086342 0.003686  5.581 0.326892 0.650960
0.091362 0.003903  5.605 0.337960 0.663354
0.096382 0.004120  5.631 0.348886 0.674846
0.101402 0.004337  5.657 0.359666 0.685527
0.106422 0.004554  5.684 0.370300 0.695478
0.111442 0.004772  5.712 0.380784 0.704769
0.116462 0.004990  5.740 0.391116 0.713460
0.121482 0.005208  5.770 0.401296 0.721607
0.126503 0.005426  5.801 0.411321 0.729256
0.131523 0.005645  5.832 0.421190 0.736449
0.136543 0.005864  5.864 0.430903 0.743224
0.141563 0.006083  5.897 0.440459 0.749616
0.146583 0.006303  5.931 0.449857 0.755653
0.151603 0.006522  5.966 0.459098 0.761362
0.156623 0.006742  6.001 0.468180 0.766769
0.161643 0.006963  6.037 0.477105 0.771895
0.166663 0.007183  6.074 0.485872 0.776759
0.171683 0.007404  6.112 0.494483 0.781380
0.176704 0.007625  6.150 0.502937 0.785775
0.181724 0.007847  6.189 0.511236 0.789958
0.186744 0.008069  6.229 0.519381 0.793943
0.191764 0.008291  6.269 0.527372 0.797743
0.196784 0.008513  6.311 0.535211 0.801368
0.201804 0.008736  6.353 0.542900 0.804831
0.206824 0.008959  6.395 0.550439 0.808139
0.211844 0.009182  6.438 0.557830 0.811303
0.216864 0.009405  6.482 0.565076 0.814330
0.221884 0.009629  6.527 0.572177 0.817228
0.226905 0.009853  6.572 0.579135 0.820004
0.231925 0.010078  6.618 0.585953 0.822666
0.236945 0.010303  6.664 0.592632 0.825218
0.241965 0.010528  6.711 0.599174 0.827666
0.246985 0.010753  6.758 0.605581 0.830017
0.252005 0.010979  6.807 0.611856 0.832275
0.257025 0.011205  6.855 0.618000 0.834444
0.262045 0.011431  6.905 0.624016 0.836528
0.267065 0.011658  6.954 0.629905 0.838533
0.272085 0.011885  7.005 0.635670 0.840461
0.277106 0.012113  7.056 0.641313 0.842316
0.282126 0.012340  7.107 0.646835 0.844102
0.287146 0.012568  7.159 0.652241 0.845821
0.292166 0.012797  7.211 0.657530 0.847476
0.297186 0.013025  7.264 0.662707 0.849071
0.302206 0.013254  7.318 0.667772 0.850608
0.307226 0.013484  7.372 0.672728 0.852089
0.312246 0.013714  7.426 0.677577 0.853516
0.317266 0.013944  7.481 0.682321 0.854893
0.322286 0.014174  7.536 0.686963 0.856220
0.327307 0.014405  7.592 0.691504 0.857500
0.332327 0.014636  7.648 0.695947 0.858735
0.337347 0.014868  7.705 0.700293 0.859926
0.342367 0.015099  7.762 0.704545 0.861076
0.347387 0.015332  7.820 0.708705 0.862185
0.352407 0.015564  7.878 0.712774 0.863256
0.357427 0.015797  7.936 0.716754 0.864289
0.362447 0.016031  7.995 0.720648 0.865286
0.367467 0.016264  8.054 0.724457 0.866248
0.372487 0.016499  8.113 0.728183 0.867177
0.377508 0.016733  8.173 0.731829 0.868073
0.382528 0.016968  8.234 0.735395 0.868939
0.387548 0.017203  8.294 0.738883 0.869774
0.392568 0.017439  8.355 0.742296 0.870580
0.397588 0.017675  8.417 0.745634 0.871358
0.402608 0.017911  8.479 0.748901 0.872109
0.407628 0.018148  8.541 0.752096 0.872833
0.412648 0.018385  8.603 0.755222 0.873532
0.417668 0.018623  8.666 0.758281 0.874206
0.422688 0.018861  8.729 0.761273 0.874856
0.427709 0.019100  8.793 0.764201 0.875483
0.432729 0.019338  8.857 0.767066 0.876088
0.437749 0.019578  8.921 0.769869 0.876670
0.442769 0.019817  8.985 0.772611 0.877232
0.447789 0.020058  9.050 0.775295 0.877773
0.452809 0.020298  9.115 0.777921 0.878294
0.457829 0.020539  9.181 0.780491 0.878796
0.462849 0.020780  9.247 0.783006 0.879279
0.467869 0.021022  9.313 0.785467 0.879743
0.472889 0.021265  9.379 0.787875 0.880190
0.477910 0.021507  9.446 0.790232 0.880620
0.482930 0.021750  9.513 0.792539 0.881033
0.487950 0.021994  9.580 0.794797 0.881429
0.492970 0.022238  9.648 0.797007 0.881810
0.497990 0.022483  9.716 0.799170 0.882175
0.503010 0.022728  9.784 0.801288 0.882525
0.508030 0.022973  9.852 0.803360 0.882860
0.513050 0.023219  9.921 0.805389 0.883181
0.518070 0.023465  9.990 0.807375 0.883488
0.523090 0.023712 10.059 0.809320 0.883782
0.528111 0.023960 10.128 0.811223 0.884062
0.533131 0.024207 10.198 0.813087 0.884329
0.538151 0.024456 10.268 0.814911 0.884583
0.543171 0.024704 10.338 0.816697 0.884825
0.548191 0.024954 10.409 0.818446 0.885055
0.553211 0.025203 10.480 0.820159 0.885273
0.558231 0.025454 10.551 0.821835 0.885480
0.563251 0.025704 10.622 0.823477 0.885676
0.568271 0.025956 10.694 0.825084 0.885860
0.573291 0.026207 10.766 0.826659 0.886034
0.578312 0.026460 10.838 0.828200 0.886197
0.583332 0.026712 10.910 0.829709 0.886350
0.588352 0.026966 10.983 0.831188 0.886493
0.593372 0.027220 11.055 0.832635 0.886626
0.598392 0.027474 11.128 0.834053 0.886750
0.603412 0.027729 11.202 0.835441 0.886864
0.608432 0.027984 11.275 0.836800 0.886969
0.613452 0.028240 11.349 0.838132 0.887064
0.618472 0.028497 11.423 0.839436 0.887151
0.623492 0.028754 11.497 0.840713 0.887229
0.628513 0.029011 11.572 0.841964 0.887299
0.633533 0.029270 11.646 0.843189 0.887360
0.638553 0.029528 11.721 0.844389 0.887413
0.643573 0.029788 11.796 0.845563 0.887458
0.648593 0.030048 11.872 0.846714 0.887495
0.653613 0.030308 11.947 0.847841 0.887525
0.658633 0.030569 12.023 0.848945 0.887547
0.663653 0.030831 12.099 0.850026 0.887561
0.668673 0.031093 12.175 0.851085 0.887568
0.673693 0.031356 12.252 0.852122 0.887568
0.678714 0.031619 12.328 0.853137 0.887561
0.683734 0.031883 12.405 0.854131 0.887546
0.688754 0.032148 12.483 0.855105 0.887525
0.693774 0.032413 12.560 0.856059 0.887498
0.698794 0.032679 12.637 0.856993 0.887463
0.703814 0.032945 12.715 0.857907 0.887422
0.708834 0.033213 12.793 0.858803 0.887375
0.713854 0.033480 12.872 0.859680 0.887321
0.718874 0.033749 12.950 0.860538 0.887262
0.723894 0.034018 13.029 0.861379 0.887196
0.728915 0.034287 13.108 0.862202 0.887124
0.733935 0.034558 13.187 0.863008 0.887046
0.738955 0.034829 13.266 0.863797 0.886963
0.743975 0.035100 13.346 0.864569 0.886873
0.748995 0.035373 13.425 0.865325 0.886778
0.754015 0.035646 13.505 0.866065 0.886678
0.759035 0.035920 13.585 0.866789 0.886572
0.764055 0.036194 13.666 0.867498 0.886460
0.769075 0.036469 13.746 0.868191 0.886343
0.774095 0.036745 13.827 0.868870 0.886221
0.779116 0.037022 13.908 0.869534 0.886094
0.784136 0.037299 13.990 0.870184 0.885962
0.789156 0.037577 14.071 0.870819 0.885824
0.794176 0.037855 14.153 0.871441 0.885681
0.799196 0.038135 14.235 0.872049 0.885534
0.804216 0.038415 14.317 0.872644 0.885382
0.809236 0.038696 14.399 0.873225 0.885224
0.814256 0.038978 14.482 0.873794 0.885063
0.819276 0.039260 14.564 0.874350 0.884896
0.824296 0.039543 14.647 0.874893 0.884725
0.829317 0.039827 14.731 0.875424 0.884549
0.834337 0.040112 14.814 0.875943 0.884368
0.839357 0.040398 14.898 0.876450 0.884183
0.844377 0.040684 14.981 0.876946 0.883994
0.849397 0.040971 15.066 0.877430 0.883800
0.854417 0.041259 15.150 0.877902 0.883601
0.859437 0.041548 15.234 0.878363 0.883399
0.864457 0.041838 15.319 0.878814 0.883192
0.869477 0.042128 15.404 0.879253 0.882981
0.874497 0.042419 15.489 0.879682 0.882766
0.879518 0.042711 15.574 0.880101 0.882546
0.884538 0.043004 15.660 0.880509 0.882322
0.889558 0.043298 15.746 0.880907 0.882095
0.894578 0.043593 15.832 0.881295 0.881863
0.899598 0.043889 15.918 0.881673 0.881627
0.904618 0.044185 16.005 0.882041 0.881387
0.909638 0.044483 16.091 0.882400 0.881144
0.914658 0.044781 16.178 0.882749 0.880896
0.919678 0.045080 16.266 0.883089 0.880644
0.924698 0.045380 16.353 0.883420 0.880389
0.929719 0.045681 16.441 0.883742 0.880130
0.934739 0.045983 16.529 0.884054 0.879866
0.939759 0.046286 16.617 0.884358 0.879599
0.944779 0.046590 16.705 0.884653 0.879329
0.949799 0.046895 16.794 0.884940 0.879054
0.954819 0.047201 16.882 0.885218 0.878776
0.959839 0.047508 16.971 0.885488 0.878494
0.964859 0.047816 17.061 0.885749 0.878209
0.969879 0.048125 17.150 0.886003 0.877919
0.974899 0.048435 17.240 0.886248 0.877627
0.979920 0.048746 17.330 0.886485 0.877330
0.984940 0.049058 17.420 0.886715 0.877030
0.989960 0.049371 17.511 0.886936 0.876726
0.994980 0.049685 17.601 0.887150 0.876419
1.000000 0.050000 17.692 0.887356 0.876108
