   0.100 0.000042  5.313 0.120957 0.021402
   0.602 0.000255  5.321 0.133761 0.116336
   1.104 0.000467  5.330 0.146511 0.194460
   1.606 0.000680  5.340 0.159198 0.259861
   2.108 0.000894  5.350 0.171816 0.315399
   2.610 0.001107  5.362 0.184359 0.363137
   3.112 0.001321  5.375 0.196820 0.404601
   3.614 0.001534  5.389 0.209192 0.440942
   4.116 0.001749  5.404 0.221471 0.473047
   4.618 0.001963  5.420 0.233650 0.501608
   5.120 0.002177  5.436 0.245724 0.527176
   5.622 0.002392  5.454 0.257687 0.550191
   6.124 0.002607  5.473 0.269535 0.571013
   6.626 0.002823  5.493 0.281263 0.589936
   7.128 0.003038  5.513 0.292867 0.607203
   7.630 0.003254  5.535 0.304342 0.623019
   8.132 0.003470  5.557 0.315685 0.637557
   8.634 0.003686  5.581 0.326892 0.650960
   9.136 0.003903  5.605 0.337960 0.663354
   9.638 0.004120  5.631 0.348886 0.674846
  10.140 0.004337  5.657 0.359666 0.685527
  10.642 0.004554  5.684 0.370300 0.695478
  11.144 0.004772  5.712 0.380784 0.704769
  11.646 0.004990  5.740 0.391116 0.713460
  12.148 0.005208  5.770 0.401296 0.721607
  12.650 0.005426  5.801 0.411321 0.729256
  13.152 0.005645  5.832 0.421190 0.736449
  13.654 0.005864  5.864 0.430903 0.743224
  14.156 0.006083  5.897 0.440459 0.749616
  14.658 0.006303  5.931 0.449857 0.755653
  15.160 0.006522  5.966 0.459098 0.761362
  15.662 0.006742  6.001 0.468180 0.766769
  16.164 0.006963  6.037 0.477105 0.771895
  16.666 0.007183  6.074 0.485872 0.776759
  17.168 0.007404  6.112 0.494483 0.781380
  17.670 0.007625  6.150 0.502937 0.785775
  18.172 0.007847  6.189 0.511236 0.789958
  18.674 0.008069  6.229 0.519381 0.793943
  19.176 0.008291  6.269 0.527372 0.797743
  19.678 0.008513  6.311 0.535211 0.801368
  20.180 0.008736  6.353 0.542900 0.804831
  20.682 0.008959  6.395 0.550439 0.808139
  21.184 0.009182  6.438 0.557830 0.811303
  21.686 0.009405  6.482 0.565076 0.814330
  22.188 0.009629  6.527 0.572177 0.817228
  22.690 0.009853  6.572 0.579135 0.820004
  23.192 0.010078  6.618 0.585953 0.822666
  23.694 0.010303  6.664 0.592632 0.825218
  24.196 0.010528  6.711 0.599174 0.827666
  24.698 0.010753  6.758 0.605581 0.830017
  25.201 0.010979  6.807 0.611856 0.832275
  25.703 0.011205  6.855 0.618000 0.834444
  26.205 0.011431  6.905 0.624016 0.836528
  26.707 0.011658  6.954 0.629905 0.838533
  27.209 0.011885  7.005 0.635670 0.840461
  27.711 0.012113  7.056 0.641313 0.842316
  28.213 0.012340  7.107 0.646835 0.844102
  28.715 0.012568  7.159 0.652241 0.845821
  29.217 0.012797  7.211 0.657530 0.847476
  29.719 0.013025  7.264 0.662707 0.849071
  30.221 0.013254  7.318 0.667772 0.850608
  30.723 0.013484  7.372 0.672728 0.852089
  31.225 0.013714  7.426 0.677577 0.853516
  31.727 0.013944  7.481 0.682321 0.854893
  32.229 0.014174  7.536 0.686963 0.856220
  32.731 0.014405  7.592 0.691504 0.857500
  33.233 0.014636  7.648 0.695947 0.858735
  33.735 0.014868  7.705 0.700293 0.859926
  34.237 0.015099  7.762 0.704545 0.861076
  34.739 0.015332  7.820 0.708705 0.862185
  35.241 0.015564  7.878 0.712774 0.863256
  35.743 0.015797  7.936 0.716754 0.864289
  36.245 0.016031  7.995 0.720648 0.865286
  36.747 0.016264  8.054 0.724457 0.866248
  37.249 0.016499  8.113 0.728183 0.867177
  37.751 0.016733  8.173 0.731829 0.868073
  38.253 0.016968  8.234 0.735395 0.868939
  38.755 0.017203  8.294 0.738883 0.869774
  39.257 0.017439  8.355 0.742296 0.870580
  39.759 0.017675  8.417 0.745634 0.871358
  40.261 0.017911  8.479 0.748901 0.872109
  40.763 0.018148  8.541 0.752096 0.872833
  41.265 0.018385  8.603 0.755222 0.873532
  41.767 0.018623  8.666 0.758281 0.874206
  42.269 0.018861  8.729 0.761273 0.874856
  42.771 0.019100  8.793 0.764201 0.875483
  43.273 0.019338  8.857 0.767066 0.876088
  43.775 0.019578  8.921 0.769869 0.876670
  44.277 0.019817  8.985 0.772611 0.877232
  44.779 0.020058  9.050 0.775295 0.877773
  45.281 0.020298  9.115 0.777921 0.878294
  45.783 0.020539  9.181 0.780491 0.878796
  46.285 0.020780  9.247 0.783006 0.879279
  46.787 0.021022  9.313 0.785467 0.879743
  47.289 0.021265  9.379 0.787875 0.880190
  47.791 0.021507  9.446 0.790232 0.880620
  48.293 0.021750  9.513 0.792539 0.881033
  48.795 0.021994  9.580 0.794797 0.881429
  49.297 0.022238  9.648 0.797007 0.881810
  49.799 0.022483  9.716 0.799170 0.882175
  50.301 0.022728  9.784 0.801288 0.882525
  50.803 0.022973  9.852 0.803360 0.882860
  51.305 0.023219  9.921 0.805389 0.883181
  51.807 0.023465  9.990 0.807375 0.883488
  52.309 0.023712 10.059 0.809320 0.883782
  52.811 0.023960 10.128 0.811223 0.884062
  53.313 0.024207 10.198 0.813087 0.884329
  53.815 0.024456 10.268 0.814911 0.884583
  54.317 0.024704 10.338 0.816697 0.884825
  54.819 0.024954 10.409 0.818446 0.885055
  55.321 0.025203 10.480 0.820159 0.885273
  55.823 0.025454 10.551 0.821835 0.885480
  56.325 0.025704 10.622 0.823477 0.885676
  56.827 0.025956 10.694 0.825084 0.885860
  57.329 0.026207 10.766 0.826659 0.886034
  57.831 0.026460 10.838 0.828200 0.886197
  58.333 0.026712 10.910 0.829709 0.886350
  58.835 0.026966 10.983 0.831188 0.886493
  59.337 0.027220 11.055 0.832635 0.886626
  59.839 0.027474 11.128 0.834053 0.886750
  60.341 0.027729 11.202 0.835441 0.886864
  60.843 0.027984 11.275 0.836800 0.886969
  61.345 0.028240 11.349 0.838132 0.887064
  61.847 0.028497 11.423 0.839436 0.887151
  62.349 0.028754 11.497 0.840713 0.887229
  62.851 0.029011 11.572 0.841964 0.887299
  63.353 0.029270 11.646 0.843189 0.887360
  63.855 0.029528 11.721 0.844389 0.887413
  64.357 0.029788 11.796 0.845563 0.887458
  64.859 0.030048 11.872 0.846714 0.887495
  65.361 0.030308 11.947 0.847841 0.887525
  65.863 0.030569 12.023 0.848945 0.887547
  66.365 0.030831 12.099 0.850026 0.887561
  66.867 0.031093 12.175 0.851085 0.887568
  67.369 0.031356 12.252 0.852122 0.887568
  67.871 0.031619 12.328 0.853137 0.887561
  68.373 0.031883 12.405 0.854131 0.887546
  68.875 0.032148 12.483 0.855105 0.887525
  69.377 0.032413 12.560 0.856059 0.887498
  69.879 0.032679 12.637 0.856993 0.887463
  70.381 0.032945 12.715 0.857907 0.887422
  70.883 0.033213 12.793 0.858803 0.887375
  71.385 0.033480 12.872 0.859680 0.887321
  71.887 0.033749 12.950 0.860538 0.887262
  72.389 0.034018 13.029 0.861379 0.887196
  72.891 0.034287 13.108 0.862202 0.887124
  73.393 0.034558 13.187 0.863008 0.887046
  73.895 0.034829 13.266 0.863797 0.886963
  74.397 0.035100 13.346 0.864569 0.886873
  74.899 0.035373 13.425 0.865325 0.886778
  75.402 0.035646 13.505 0.866065 0.886678
  75.904 0.035920 13.585 0.866789 0.886572
  76.406 0.036194 13.666 0.867498 0.886460
  76.908 0.036469 13.746 0.868191 0.886343
  77.410 0.036745 13.827 0.868870 0.886221
  77.912 0.037022 13.908 0.869534 0.886094
  78.414 0.037299 13.990 0.870184 0.885962
  78.916 0.037577 14.071 0.870819 0.885824
  79.418 0.037855 14.153 0.871441 0.885681
  79.920 0.038135 14.235 0.872049 0.885534
  80.422 0.038415 14.317 0.872644 0.885382
  80.924 0.038696 14.399 0.873225 0.885224
  81.426 0.038978 14.482 0.873794 0.885063
  81.928 0.039260 14.564 0.874350 0.884896
  82.430 0.039543 14.647 0.874893 0.884725
  82.932 0.039827 14.731 0.875424 0.884549
  83.434 0.040112 14.814 0.875943 0.884368
  83.936 0.040398 14.898 0.876450 0.884183
  84.438 0.040684 14.981 0.876946 0.883994
  84.940 0.040971 15.066 0.877430 0.883800
  85.442 0.041259 15.150 0.877902 0.883601
  85.944 0.041548 15.234 0.878363 0.883399
  86.446 0.041838 15.319 0.878814 0.883192
  86.948 0.042128 15.404 0.879253 0.882981
  87.450 0.042419 15.489 0.879682 0.882766
  87.952 0.042711 15.574 0.880101 0.882546
  88.454 0.043004 15.660 0.880509 0.882322
  88.956 0.043298 15.746 0.880907 0.882095
  89.458 0.043593 15.832 0.881295 0.881863
  89.960 0.043889 15.918 0.881673 0.881627
  90.462 0.044185 16.005 0.882041 0.881387
  90.964 0.044483 16.091 0.882400 0.881144
  91.466 0.044781 16.178 0.882749 0.880896
  91.968 0.045080 16.266 0.883089 0.880644
  92.470 0.045380 16.353 0.883420 0.880389
  92.972 0.045681 16.441 0.883742 0.880130
  93.474 0.045983 16.529 0.884054 0.879866
  93.976 0.046286 16.617 0.884358 0.879599
  94.478 0.046590 16.705 0.884653 0.879329
  94.980 0.046895 16.794 0.884940 0.879054
  95.482 0.047201 16.882 0.885218 0.878776
  95.984 0.047508 16.971 0.885488 0.878494
  96.486 0.047816 17.061 0.885749 0.878209
  96.988 0.048125 17.150 0.886003 0.877919
  97.490 0.048435 17.240 0.886248 0.877627
  97.992 0.048746 17.330 0.886485 0.877330
  98.494 0.049058 17.420 0.886715 0.877030
  98.996 0.049371 17.511 0.886936 0.876726
  99.498 0.049685 17.601 0.887150 0.876419
 100.000 0.050000 17.692 0.887356 0.876108
