   0.000  62.806 74.935
   7.538  63.071 74.905
  15.075  63.339 74.875
  22.613  63.609 74.844
  30.151  63.881 74.813
  37.688  64.155 74.782
  45.226  64.432 74.750
  52.764  64.711 74.718
  60.302  64.991 74.685
  67.839  65.275 74.653
  75.377  65.560 74.619
  82.915  65.848 74.586
  90.452  66.138 74.551
  97.990  66.431 74.517
 105.528  66.726 74.482
 113.065  67.023 74.446
 120.603  67.323 74.411
 128.141  67.625 74.374
 135.678  67.930 74.337
 143.216  68.237 74.300
 150.754  68.547 74.262
 158.291  68.860 74.224
 165.829  69.175 74.185
 173.367  69.492 74.146
 180.905  69.813 74.106
 188.442  70.136 74.066
 195.980  70.462 74.025
 203.518  70.790 73.984
 211.055  71.122 73.942
 218.593  71.456 73.899
 226.131  71.793 73.856
 233.668  72.133 73.812
 241.206  72.475 73.768
 248.744  72.821 73.723
 256.281  73.170 73.677
 263.819  73.522 73.631
 271.357  73.877 73.584
 278.894  74.234 73.537
 286.432  74.595 73.488
 293.970  74.959 73.440
 301.508  75.327 73.390
 309.045  75.697 73.340
 316.583  76.071 73.288
 324.121  76.448 73.237
 331.658  76.828 73.184
 339.196  77.212 73.131
 346.734  77.598 73.076
 354.271  77.989 73.021
 361.809  78.383 72.965
 369.347  78.780 72.909
 376.884  79.181 72.851
 384.422  79.585 72.793
 391.960  79.993 72.733
 399.497  80.404 72.673
 407.035  80.819 72.612
 414.573  81.238 72.549
 422.111  81.661 72.486
 429.648  82.087 72.422
 437.186  82.517 72.357
 444.724  82.951 72.290
 452.261  83.389 72.223
 459.799  83.830 72.154
 467.337  84.276 72.085
 474.874  84.725 72.014
 482.412  85.178 71.942
 489.950  85.636 71.869
 497.487  86.097 71.794
 505.025  86.563 71.719
 512.563  87.032 71.642
 520.100  87.506 71.563
 527.638  87.984 71.484
 535.176  88.466 71.403
 542.714  88.953 71.320
 550.251  89.443 71.236
 557.789  89.938 71.151
 565.327  90.437 71.064
 572.864  90.940 70.975
 580.402  91.448 70.885
 587.940  91.960 70.793
 595.477  92.476 70.699
 603.015  92.997 70.604
 610.553  93.522 70.507
 618.090  94.052 70.408
 625.628  94.586 70.308
 633.166  95.124 70.205
 640.703  95.667 70.100
 648.241  96.214 69.994
 655.779  96.766 69.885
 663.317  97.322 69.774
 670.854  97.882 69.661
 678.392  98.447 69.546
 685.930  99.016 69.428
 693.467  99.589 69.308
 701.005 100.167 69.186
 708.543 100.749 69.061
 716.080 101.335 68.934
 723.618 101.925 68.804
 731.156 102.519 68.671
 738.693 103.118 68.535
 746.231 103.720 68.397
 753.769 104.326 68.255
 761.306 104.936 68.111
 768.844 105.550 67.963
 776.382 106.168 67.813
 783.920 106.789 67.659
 791.457 107.413 67.501
 798.995 108.041 67.340
 806.533 108.671 67.176
 814.070 109.305 67.008
 821.608 109.941 66.835
 829.146 110.580 66.660
 836.683 111.221 66.479
 844.221 111.864 66.295
 851.759 112.510 66.107
 859.296 113.156 65.914
 866.834 113.804 65.716
 874.372 114.454 65.514
 881.909 115.103 65.307
 889.447 115.754 65.095
 896.985 116.404 64.877
 904.523 117.053 64.655
 912.060 117.702 64.427
 919.598 118.349 64.193
 927.136 118.994 63.953
 934.673 119.637 63.707
 942.211 120.277 63.455
 949.749 120.913 63.197
 957.286 121.545 62.931
 964.824 122.172 62.659
 972.362 122.793 62.380
 979.899 123.408 62.093
 987.437 124.015 61.799
 994.975 124.613 61.497
1002.512 125.202 61.187
1010.050 125.781 60.868
1017.588 126.348 60.541
1025.126 126.902 60.205
1032.663 127.442 59.859
1040.201 127.967 59.504
1047.739 128.474 59.138
1055.276 128.964 58.763
1062.814 129.433 58.377
1070.352 129.880 57.980
1077.889 130.304 57.571
1085.427 130.702 57.151
1092.965 131.072 56.718
1100.502 131.412 56.273
1108.040 131.720 55.815
1115.578 131.993 55.344
1123.116 132.229 54.858
1130.653 132.425 54.358
1138.191 132.577 53.843
1145.729 132.684 53.313
1153.266 132.741 52.766
1160.804 132.745 52.203
1168.342 132.693 51.623
1175.879 132.580 51.026
1183.417 132.403 50.410
1190.955 132.158 49.776
1198.492 131.839 49.122
1206.030 131.444 48.448
1213.568 130.966 47.754
1221.105 130.401 47.038
1228.643 129.744 46.301
1236.181 128.989 45.541
1243.719 128.130 44.757
1251.256 127.163 43.950
1258.794 126.080 43.119
1266.332 124.877 42.262
1273.869 123.546 41.380
1281.407 122.082 40.471
1288.945 120.478 39.536
1296.482 118.728 38.573
1304.020 116.824 37.582
1311.558 114.761 36.562
1319.095 112.532 35.514
1326.633 110.130 34.436
1334.171 107.550 33.328
1341.708 104.786 32.191
1349.246 101.831 31.023
1356.784  98.681 29.825
1364.322  95.330 28.597
1371.859  91.774 27.339
1379.397  88.009 26.052
1386.935  84.032 24.736
1394.472  79.842 23.392
1402.010  75.435 22.021
1409.548  70.813 20.624
1417.085  65.975 19.205
1424.623  60.923 17.765
1432.161  55.661 16.308
1439.698  50.192 14.840
1447.236  44.523 13.368
1454.774  38.660 11.902
1462.311  32.612 10.458
1469.849  26.389  9.062
1477.387  20.003  7.756
1484.925  13.466  6.612
1492.462   6.793  5.745
1500.000   0.000  5.312
