   0.000 0.373 0.000
   7.538 0.373 0.003
  15.075 0.374 0.005
  22.613 0.375 0.008
  30.151 0.376 0.011
  37.688 0.377 0.014
  45.226 0.378 0.016
  52.764 0.379 0.019
  60.302 0.380 0.022
  67.839 0.381 0.025
  75.377 0.382 0.028
  82.915 0.382 0.030
  90.452 0.383 0.033
  97.990 0.384 0.036
 105.528 0.385 0.039
 113.065 0.386 0.042
 120.603 0.387 0.045
 128.141 0.388 0.048
 135.678 0.389 0.051
 143.216 0.390 0.054
 150.754 0.391 0.057
 158.291 0.392 0.060
 165.829 0.393 0.063
 173.367 0.394 0.066
 180.905 0.396 0.069
 188.442 0.397 0.072
 195.980 0.398 0.075
 203.518 0.399 0.078
 211.055 0.400 0.081
 218.593 0.401 0.084
 226.131 0.402 0.087
 233.668 0.403 0.090
 241.206 0.404 0.093
 248.744 0.406 0.096
 256.281 0.407 0.100
 263.819 0.408 0.103
 271.357 0.409 0.106
 278.894 0.410 0.109
 286.432 0.412 0.112
 293.970 0.413 0.116
 301.508 0.414 0.119
 309.045 0.415 0.122
 316.583 0.417 0.125
 324.121 0.418 0.129
 331.658 0.419 0.132
 339.196 0.421 0.135
 346.734 0.422 0.139
 354.271 0.423 0.142
 361.809 0.425 0.146
 369.347 0.426 0.149
 376.884 0.427 0.152
 384.422 0.429 0.156
 391.960 0.430 0.159
 399.497 0.432 0.163
 407.035 0.433 0.166
 414.573 0.435 0.170
 422.111 0.436 0.174
 429.648 0.438 0.177
 437.186 0.439 0.181
 444.724 0.441 0.184
 452.261 0.442 0.188
 459.799 0.444 0.192
 467.337 0.445 0.195
 474.874 0.447 0.199
 482.412 0.449 0.203
 489.950 0.450 0.206
 497.487 0.452 0.210
 505.025 0.454 0.214
 512.563 0.455 0.218
 520.100 0.457 0.221
 527.638 0.459 0.225
 535.176 0.461 0.229
 542.714 0.462 0.233
 550.251 0.464 0.237
 557.789 0.466 0.241
 565.327 0.468 0.245
 572.864 0.470 0.249
 580.402 0.472 0.253
 587.940 0.474 0.257
 595.477 0.476 0.261
 603.015 0.477 0.265
 610.553 0.479 0.269
 618.090 0.482 0.273
 625.628 0.484 0.277
 633.166 0.486 0.281
 640.703 0.488 0.285
 648.241 0.490 0.289
 655.779 0.492 0.294
 663.317 0.494 0.298
 670.854 0.496 0.302
 678.392 0.499 0.306
 685.930 0.501 0.311
 693.467 0.503 0.315
 701.005 0.506 0.319
 708.543 0.508 0.324
 716.080 0.510 0.328
 723.618 0.513 0.333
 731.156 0.515 0.337
 738.693 0.518 0.342
 746.231 0.520 0.346
 753.769 0.523 0.351
 761.306 0.525 0.355
 768.844 0.528 0.360
 776.382 0.531 0.364
 783.920 0.533 0.369
 791.457 0.536 0.374
 798.995 0.539 0.378
 806.533 0.542 0.383
 814.070 0.545 0.388
 821.608 0.548 0.393
 829.146 0.551 0.397
 836.683 0.554 0.402
 844.221 0.557 0.407
 851.759 0.560 0.412
 859.296 0.563 0.417
 866.834 0.566 0.422
 874.372 0.569 0.427
 881.909 0.572 0.432
 889.447 0.576 0.437
 896.985 0.579 0.442
 904.523 0.583 0.447
 912.060 0.586 0.452
 919.598 0.589 0.458
 927.136 0.593 0.463
 934.673 0.597 0.468
 942.211 0.600 0.473
 949.749 0.604 0.479
 957.286 0.608 0.484
 964.824 0.612 0.489
 972.362 0.615 0.495
 979.899 0.619 0.500
 987.437 0.623 0.506
 994.975 0.627 0.511
1002.512 0.631 0.517
1010.050 0.636 0.522
1017.588 0.640 0.528
1025.126 0.644 0.534
1032.663 0.648 0.539
1040.201 0.653 0.545
1047.739 0.657 0.551
1055.276 0.662 0.557
1062.814 0.666 0.563
1070.352 0.671 0.568
1077.889 0.676 0.574
1085.427 0.681 0.580
1092.965 0.685 0.586
1100.502 0.690 0.592
1108.040 0.695 0.598
1115.578 0.700 0.605
1123.116 0.705 0.611
1130.653 0.710 0.617
1138.191 0.716 0.623
1145.729 0.721 0.629
1153.266 0.726 0.636
1160.804 0.731 0.642
1168.342 0.737 0.648
1175.879 0.742 0.655
1183.417 0.748 0.661
1190.955 0.753 0.668
1198.492 0.759 0.674
1206.030 0.765 0.681
1213.568 0.770 0.688
1221.105 0.776 0.694
1228.643 0.782 0.701
1236.181 0.787 0.708
1243.719 0.793 0.714
1251.256 0.799 0.721
1258.794 0.804 0.728
1266.332 0.810 0.735
1273.869 0.816 0.742
1281.407 0.821 0.749
1288.945 0.827 0.756
1296.482 0.833 0.763
1304.020 0.838 0.770
1311.558 0.843 0.777
1319.095 0.849 0.784
1326.633 0.854 0.791
1334.171 0.859 0.798
1341.708 0.864 0.805
1349.246 0.868 0.812
1356.784 0.872 0.819
1364.322 0.877 0.826
1371.859 0.880 0.832
1379.397 0.883 0.839
1386.935 0.886 0.846
1394.472 0.888 0.852
1402.010 0.890 0.859
1409.548 0.890 0.865
1417.085 0.890 0.871
1424.623 0.888 0.876
1432.161 0.883 0.881
1439.698 0.876 0.884
1447.236 0.865 0.887
1454.774 0.847 0.888
1462.311 0.820 0.885
1469.849 0.776 0.878
1477.387 0.704 0.861
1484.925 0.585 0.822
1492.462 0.393 0.715
1500.000 0.118 0.000
