   0.000  0.000 18.374 45.770 49.320
   7.538  0.050 18.409 45.735 49.301
  15.075  0.100 18.444 45.699 49.281
  22.613  0.151 18.480 45.663 49.261
  30.151  0.202 18.516 45.627 49.240
  37.688  0.253 18.552 45.590 49.220
  45.226  0.305 18.589 45.552 49.199
  52.764  0.358 18.625 45.514 49.178
  60.302  0.410 18.662 45.476 49.156
  67.839  0.464 18.699 45.437 49.135
  75.377  0.517 18.737 45.398 49.113
  82.915  0.572 18.775 45.359 49.091
  90.452  0.626 18.813 45.319 49.068
  97.990  0.682 18.851 45.278 49.045
 105.528  0.737 18.890 45.237 49.022
 113.065  0.794 18.929 45.195 48.999
 120.603  0.850 18.968 45.153 48.976
 128.141  0.907 19.007 45.111 48.952
 135.678  0.965 19.047 45.068 48.927
 143.216  1.023 19.087 45.024 48.903
 150.754  1.082 19.128 44.980 48.878
 158.291  1.141 19.168 44.935 48.853
 165.829  1.201 19.209 44.890 48.827
 173.367  1.262 19.251 44.844 48.801
 180.905  1.323 19.292 44.798 48.775
 188.442  1.384 19.334 44.751 48.749
 195.980  1.446 19.377 44.703 48.722
 203.518  1.509 19.419 44.655 48.695
 211.055  1.572 19.462 44.606 48.667
 218.593  1.636 19.505 44.557 48.639
 226.131  1.700 19.549 44.506 48.610
 233.668  1.765 19.593 44.456 48.582
 241.206  1.831 19.637 44.404 48.553
 248.744  1.897 19.681 44.352 48.523
 256.281  1.964 19.726 44.299 48.493
 263.819  2.031 19.772 44.246 48.462
 271.357  2.099 19.817 44.192 48.432
 278.894  2.168 19.863 44.137 48.400
 286.432  2.237 19.909 44.081 48.369
 293.970  2.308 19.956 44.025 48.336
 301.508  2.378 20.003 43.967 48.304
 309.045  2.450 20.050 43.909 48.271
 316.583  2.522 20.098 43.851 48.237
 324.121  2.595 20.146 43.791 48.203
 331.658  2.668 20.194 43.731 48.168
 339.196  2.743 20.243 43.669 48.133
 346.734  2.818 20.292 43.607 48.097
 354.271  2.893 20.341 43.544 48.061
 361.809  2.970 20.391 43.480 48.024
 369.347  3.047 20.442 43.415 47.987
 376.884  3.125 20.492 43.350 47.949
 384.422  3.204 20.543 43.283 47.911
 391.960  3.283 20.594 43.215 47.872
 399.497  3.364 20.646 43.146 47.832
 407.035  3.445 20.698 43.077 47.792
 414.573  3.527 20.751 43.006 47.751
 422.111  3.610 20.804 42.934 47.709
 429.648  3.693 20.857 42.861 47.667
 437.186  3.778 20.911 42.787 47.624
 444.724  3.863 20.965 42.712 47.580
 452.261  3.949 21.019 42.636 47.536
 459.799  4.036 21.074 42.559 47.491
 467.337  4.124 21.129 42.480 47.445
 474.874  4.213 21.185 42.400 47.398
 482.412  4.303 21.241 42.319 47.351
 489.950  4.394 21.297 42.237 47.303
 497.487  4.485 21.354 42.154 47.254
 505.025  4.578 21.411 42.069 47.204
 512.563  4.672 21.468 41.982 47.153
 520.100  4.766 21.526 41.895 47.102
 527.638  4.861 21.585 41.806 47.049
 535.176  4.958 21.643 41.715 46.996
 542.714  5.055 21.702 41.623 46.941
 550.251  5.154 21.762 41.530 46.886
 557.789  5.253 21.822 41.435 46.830
 565.327  5.354 21.882 41.338 46.773
 572.864  5.456 21.942 41.240 46.714
 580.402  5.558 22.003 41.140 46.655
 587.940  5.662 22.065 41.039 46.594
 595.477  5.767 22.126 40.936 46.533
 603.015  5.873 22.188 40.831 46.470
 610.553  5.980 22.251 40.724 46.406
 618.090  6.088 22.314 40.615 46.341
 625.628  6.197 22.377 40.505 46.275
 633.166  6.307 22.440 40.393 46.207
 640.703  6.419 22.504 40.278 46.139
 648.241  6.531 22.568 40.162 46.068
 655.779  6.645 22.632 40.044 45.997
 663.317  6.760 22.697 39.923 45.924
 670.854  6.876 22.762 39.801 45.849
 678.392  6.994 22.827 39.676 45.774
 685.930  7.112 22.892 39.549 45.696
 693.467  7.232 22.958 39.419 45.617
 701.005  7.353 23.024 39.287 45.537
 708.543  7.475 23.090 39.153 45.455
 716.080  7.599 23.156 39.017 45.371
 723.618  7.724 23.222 38.877 45.285
 731.156  7.850 23.289 38.736 45.198
 738.693  7.977 23.356 38.591 45.108
 746.231  8.105 23.423 38.444 45.017
 753.769  8.235 23.490 38.294 44.924
 761.306  8.366 23.557 38.141 44.829
 768.844  8.498 23.624 37.985 44.732
 776.382  8.632 23.691 37.827 44.633
 783.920  8.766 23.757 37.665 44.532
 791.457  8.903 23.824 37.500 44.428
 798.995  9.040 23.891 37.332 44.322
 806.533  9.178 23.958 37.160 44.214
 814.070  9.318 24.024 36.985 44.103
 821.608  9.459 24.091 36.807 43.990
 829.146  9.601 24.156 36.625 43.874
 836.683  9.745 24.222 36.439 43.755
 844.221  9.890 24.287 36.250 43.634
 851.759 10.035 24.352 36.057 43.510
 859.296 10.182 24.416 35.860 43.383
 866.834 10.331 24.480 35.659 43.253
 874.372 10.480 24.543 35.454 43.120
 881.909 10.630 24.606 35.244 42.984
 889.447 10.782 24.667 35.030 42.844
 896.985 10.934 24.728 34.812 42.701
 904.523 11.087 24.788 34.589 42.554
 912.060 11.242 24.847 34.362 42.404
 919.598 11.397 24.905 34.130 42.250
 927.136 11.553 24.961 33.893 42.093
 934.673 11.710 25.016 33.651 41.931
 942.211 11.868 25.070 33.404 41.765
 949.749 12.026 25.122 33.151 41.595
 957.286 12.185 25.172 32.893 41.420
 964.824 12.344 25.221 32.630 41.241
 972.362 12.503 25.268 32.361 41.057
 979.899 12.663 25.312 32.087 40.869
 987.437 12.824 25.354 31.806 40.675
 994.975 12.984 25.394 31.519 40.476
1002.512 13.144 25.431 31.227 40.272
1010.050 13.304 25.465 30.928 40.062
1017.588 13.464 25.496 30.622 39.847
1025.126 13.623 25.524 30.310 39.625
1032.663 13.782 25.548 29.992 39.398
1040.201 13.939 25.569 29.666 39.164
1047.739 14.096 25.585 29.334 38.924
1055.276 14.252 25.598 28.994 38.677
1062.814 14.406 25.605 28.647 38.422
1070.352 14.558 25.608 28.293 38.161
1077.889 14.708 25.606 27.931 37.892
1085.427 14.856 25.598 27.562 37.616
1092.965 15.002 25.585 27.185 37.331
1100.502 15.145 25.565 26.800 37.038
1108.040 15.284 25.539 26.407 36.736
1115.578 15.420 25.505 26.006 36.426
1123.116 15.552 25.464 25.598 36.106
1130.653 15.679 25.416 25.180 35.777
1138.191 15.802 25.359 24.755 35.438
1145.729 15.919 25.293 24.321 35.089
1153.266 16.031 25.217 23.879 34.730
1160.804 16.136 25.132 23.429 34.359
1168.342 16.235 25.036 22.971 33.977
1175.879 16.326 24.930 22.504 33.584
1183.417 16.408 24.811 22.028 33.179
1190.955 16.482 24.680 21.545 32.761
1198.492 16.547 24.537 21.054 32.331
1206.030 16.601 24.379 20.554 31.888
1213.568 16.644 24.207 20.047 31.431
1221.105 16.675 24.020 19.533 30.960
1228.643 16.693 23.817 19.011 30.474
1236.181 16.698 23.597 18.483 29.974
1243.719 16.688 23.360 17.947 29.458
1251.256 16.662 23.104 17.406 28.927
1258.794 16.620 22.829 16.859 28.380
1266.332 16.560 22.535 16.307 27.816
1273.869 16.481 22.219 15.751 27.235
1281.407 16.382 21.881 15.191 26.637
1288.945 16.262 21.521 14.627 26.022
1296.482 16.119 21.138 14.062 25.388
1304.020 15.953 20.730 13.495 24.736
1311.558 15.762 20.297 12.928 24.064
1319.095 15.545 19.838 12.363 23.374
1326.633 15.300 19.352 11.799 22.665
1334.171 15.026 18.838 11.238 21.936
1341.708 14.723 18.297 10.683 21.187
1349.246 14.388 17.727 10.133 20.419
1356.784 14.021 17.127  9.592 19.630
1364.322 13.620 16.498  9.060 18.822
1371.859 13.184 15.838  8.540 17.994
1379.397 12.713 15.149  8.033 17.147
1386.935 12.205 14.428  7.542 16.281
1394.472 11.659 13.678  7.067 15.396
1402.010 11.075 12.897  6.613 14.493
1409.548 10.453 12.086  6.180 13.574
1417.085  9.790 11.246  5.771 12.640
1424.623  9.089 10.377  5.388 11.692
1432.161  8.348  9.481  5.033 10.734
1439.698  7.567  8.557  4.709  9.767
1447.236  6.748  7.609  4.418  8.798
1454.774  5.890  6.636  4.162  7.833
1462.311  4.994  5.642  3.943  6.883
1469.849  4.062  4.627  3.764  5.964
1477.387  3.095  3.594  3.625  5.105
1484.925  2.094  2.546  3.529  4.352
1492.462  1.062  1.485  3.478  3.781
1500.000  0.000  0.414  3.472  3.496
