  75.000 0.134860 28.810
  75.126 0.133192 28.612
  75.251 0.131609 28.424
  75.377 0.130102 28.245
  75.503 0.128661 28.073
  75.628 0.127281 27.907
  75.754 0.125956 27.748
  75.879 0.124681 27.595
  76.005 0.123451 27.447
  76.131 0.122263 27.303
  76.256 0.121115 27.164
  76.382 0.120002 27.029
  76.508 0.118923 26.897
  76.633 0.117875 26.770
  76.759 0.116857 26.645
  76.884 0.115866 26.524
  77.010 0.114902 26.406
  77.136 0.113961 26.290
  77.261 0.113044 26.177
  77.387 0.112149 26.066
  77.513 0.111275 25.958
  77.638 0.110421 25.852
  77.764 0.109585 25.749
  77.889 0.108768 25.647
  78.015 0.107967 25.547
  78.141 0.107184 25.449
  78.266 0.106415 25.353
  78.392 0.105662 25.259
  78.518 0.104923 25.166
  78.643 0.104199 25.075
  78.769 0.103487 24.985
  78.894 0.102788 24.897
  79.020 0.102102 24.811
  79.146 0.101428 24.725
  79.271 0.100765 24.641
  79.397 0.100113 24.558
  79.523 0.099472 24.477
  79.648 0.098842 24.396
  79.774 0.098221 24.317
  79.899 0.097610 24.239
  80.025 0.097009 24.162
  80.151 0.096416 24.086
  80.276 0.095833 24.011
  80.402 0.095258 23.937
  80.528 0.094691 23.864
  80.653 0.094133 23.792
  80.779 0.093582 23.721
  80.905 0.093039 23.651
  81.030 0.092504 23.581
  81.156 0.091976 23.513
  81.281 0.091454 23.445
  81.407 0.090940 23.378
  81.533 0.090433 23.312
  81.658 0.089931 23.247
  81.784 0.089437 23.182
  81.910 0.088948 23.118
  82.035 0.088466 23.055
  82.161 0.087990 22.992
  82.286 0.087519 22.930
  82.412 0.087054 22.869
  82.538 0.086594 22.809
  82.663 0.086140 22.749
  82.789 0.085691 22.689
  82.915 0.085248 22.631
  83.040 0.084809 22.572
  83.166 0.084376 22.515
  83.291 0.083947 22.458
  83.417 0.083523 22.402
  83.543 0.083103 22.346
  83.668 0.082688 22.290
  83.794 0.082278 22.236
  83.920 0.081872 22.181
  84.045 0.081470 22.128
  84.171 0.081073 22.074
  84.296 0.080679 22.021
  84.422 0.080290 21.969
  84.548 0.079905 21.917
  84.673 0.079523 21.866
  84.799 0.079145 21.815
  84.925 0.078771 21.765
  85.050 0.078401 21.714
  85.176 0.078035 21.665
  85.302 0.077671 21.616
  85.427 0.077312 21.567
  85.553 0.076956 21.519
  85.678 0.076603 21.471
  85.804 0.076254 21.423
  85.930 0.075907 21.376
  86.055 0.075564 21.329
  86.181 0.075224 21.283
  86.307 0.074888 21.237
  86.432 0.074554 21.191
  86.558 0.074223 21.146
  86.683 0.073896 21.101
  86.809 0.073571 21.056
  86.935 0.073249 21.012
  87.060 0.072930 20.968
  87.186 0.072613 20.925
  87.312 0.072300 20.881
  87.437 0.071989 20.838
  87.563 0.071680 20.796
  87.688 0.071375 20.754
  87.814 0.071071 20.712
  87.940 0.070771 20.670
  88.065 0.070473 20.629
  88.191 0.070177 20.588
  88.317 0.069884 20.547
  88.442 0.069593 20.506
  88.568 0.069305 20.466
  88.693 0.069019 20.426
  88.819 0.068735 20.387
  88.945 0.068453 20.348
  89.070 0.068174 20.309
  89.196 0.067897 20.270
  89.322 0.067622 20.231
  89.447 0.067349 20.193
  89.573 0.067078 20.155
  89.698 0.066809 20.117
  89.824 0.066543 20.080
  89.950 0.066278 20.043
  90.075 0.066016 20.006
  90.201 0.065755 19.969
  90.327 0.065496 19.933
  90.452 0.065240 19.896
  90.578 0.064985 19.860
  90.704 0.064732 19.825
  90.829 0.064481 19.789
  90.955 0.064232 19.754
  91.080 0.063984 19.719
  91.206 0.063739 19.684
  91.332 0.063495 19.649
  91.457 0.063253 19.615
  91.583 0.063012 19.581
  91.709 0.062774 19.547
  91.834 0.062537 19.513
  91.960 0.062301 19.480
  92.085 0.062068 19.446
  92.211 0.061835 19.413
  92.337 0.061605 19.380
  92.462 0.061376 19.348
  92.588 0.061149 19.315
  92.714 0.060923 19.283
  92.839 0.060699 19.251
  92.965 0.060476 19.219
  93.090 0.060255 19.187
  93.216 0.060035 19.155
  93.342 0.059817 19.124
  93.467 0.059600 19.093
  93.593 0.059385 19.062
  93.719 0.059171 19.031
  93.844 0.058958 19.001
  93.970 0.058747 18.970
  94.095 0.058537 18.940
  94.221 0.058329 18.910
  94.347 0.058122 18.880
  94.472 0.057916 18.850
  94.598 0.057712 18.821
  94.724 0.057509 18.791
  94.849 0.057307 18.762
  94.975 0.057106 18.733
  95.101 0.056907 18.704
  95.226 0.056709 18.675
  95.352 0.056512 18.647
  95.477 0.056317 18.618
  95.603 0.056122 18.590
  95.729 0.055929 18.562
  95.854 0.055737 18.534
  95.980 0.055546 18.506
  96.106 0.055357 18.479
  96.231 0.055168 18.451
  96.357 0.054981 18.424
  96.482 0.054795 18.397
  96.608 0.054610 18.370
  96.734 0.054426 18.343
  96.859 0.054243 18.316
  96.985 0.054061 18.290
  97.111 0.053880 18.263
  97.236 0.053701 18.237
  97.362 0.053522 18.211
  97.487 0.053345 18.185
  97.613 0.053168 18.159
  97.739 0.052993 18.133
  97.864 0.052818 18.107
  97.990 0.052645 18.082
  98.116 0.052472 18.057
  98.241 0.052301 18.031
  98.367 0.052130 18.006
  98.492 0.051961 17.982
  98.618 0.051792 17.957
  98.744 0.051625 17.932
  98.869 0.051458 17.907
  98.995 0.051293 17.883
  99.121 0.051128 17.859
  99.246 0.050964 17.835
  99.372 0.050801 17.811
  99.497 0.050639 17.787
  99.623 0.050478 17.763
  99.749 0.050318 17.739
  99.874 0.050158 17.716
 100.000 0.050000 17.692
