   0.001   0.000  56.178 70.870  207.494
   5.018   0.011  56.331 70.849  207.486
  10.034   0.024  56.486 70.827  207.478
  15.051   0.038  56.641 70.806  207.470
  20.068   0.053  56.797 70.784  207.462
  25.085   0.070  56.954 70.762  207.454
  30.101   0.088  57.112 70.739  207.446
  35.118   0.107  57.270 70.717  207.438
  40.135   0.128  57.430 70.694  207.430
  45.151   0.150  57.590 70.672  207.422
  50.168   0.173  57.751 70.649  207.414
  55.185   0.197  57.913 70.626  207.406
  60.202   0.223  58.075 70.602  207.397
  65.218   0.250  58.239 70.579  207.389
  70.235   0.279  58.403 70.555  207.381
  75.252   0.309  58.569 70.531  207.373
  80.268   0.340  58.735 70.507  207.364
  85.285   0.372  58.902 70.483  207.356
  90.302   0.406  59.070 70.459  207.347
  95.319   0.441  59.239 70.434  207.339
 100.335   0.478  59.408 70.410  207.331
 105.352   0.515  59.579 70.385  207.322
 110.369   0.554  59.750 70.360  207.313
 115.385   0.595  59.923 70.334  207.305
 120.402   0.636  60.096 70.309  207.296
 125.419   0.679  60.271 70.283  207.288
 130.436   0.724  60.446 70.257  207.279
 135.452   0.769  60.622 70.231  207.270
 140.469   0.816  60.799 70.205  207.261
 145.486   0.864  60.977 70.178  207.253
 150.502   0.914  61.156 70.151  207.244
 155.519   0.965  61.336 70.124  207.235
 160.536   1.017  61.517 70.097  207.226
 165.553   1.071  61.699 70.070  207.217
 170.569   1.125  61.882 70.042  207.208
 175.586   1.182  62.066 70.014  207.199
 180.603   1.239  62.251 69.986  207.190
 185.619   1.298  62.437 69.958  207.181
 190.636   1.358  62.624 69.929  207.172
 195.653   1.419  62.812 69.900  207.163
 200.670   1.482  63.001 69.871  207.154
 205.686   1.546  63.191 69.842  207.144
 210.703   1.612  63.382 69.812  207.135
 215.720   1.678  63.574 69.782  207.126
 220.736   1.746  63.768 69.752  207.116
 225.753   1.816  63.962 69.722  207.107
 230.770   1.886  64.157 69.692  207.098
 235.787   1.958  64.354 69.661  207.088
 240.803   2.032  64.551 69.630  207.079
 245.820   2.106  64.750 69.598  207.069
 250.837   2.182  64.950 69.567  207.060
 255.854   2.259  65.151 69.535  207.050
 260.870   2.338  65.353 69.503  207.040
 265.887   2.418  65.556 69.470  207.031
 270.904   2.499  65.760 69.437  207.021
 275.920   2.582  65.966 69.404  207.011
 280.937   2.665  66.172 69.371  207.002
 285.954   2.751  66.380 69.337  206.992
 290.971   2.837  66.589 69.303  206.982
 295.987   2.925  66.799 69.269  206.972
 301.004   3.014  67.010 69.235  206.962
 306.021   3.104  67.223 69.200  206.952
 311.037   3.196  67.437 69.165  206.942
 316.054   3.289  67.651 69.129  206.932
 321.071   3.384  67.868 69.093  206.922
 326.088   3.479  68.085 69.057  206.912
 331.104   3.576  68.303 69.021  206.902
 336.121   3.675  68.523 68.984  206.892
 341.138   3.774  68.744 68.947  206.881
 346.154   3.875  68.967 68.909  206.871
 351.171   3.977  69.190 68.872  206.861
 356.188   4.081  69.415 68.833  206.850
 361.205   4.186  69.641 68.795  206.840
 366.221   4.292  69.869 68.756  206.830
 371.238   4.400  70.098 68.717  206.819
 376.255   4.509  70.328 68.677  206.809
 381.271   4.619  70.559 68.637  206.798
 386.288   4.730  70.792 68.597  206.788
 391.305   4.843  71.026 68.556  206.777
 396.322   4.957  71.261 68.515  206.767
 401.338   5.073  71.498 68.473  206.756
 406.355   5.189  71.736 68.431  206.745
 411.372   5.308  71.976 68.389  206.735
 416.388   5.427  72.217 68.346  206.724
 421.405   5.548  72.459 68.302  206.713
 426.422   5.670  72.703 68.259  206.702
 431.439   5.793  72.948 68.215  206.692
 436.455   5.918  73.194 68.170  206.681
 441.472   6.044  73.442 68.125  206.670
 446.489   6.171  73.692 68.080  206.659
 451.505   6.300  73.942 68.034  206.648
 456.522   6.430  74.195 67.987  206.637
 461.539   6.561  74.448 67.941  206.626
 466.556   6.694  74.703 67.893  206.615
 471.572   6.827  74.960 67.845  206.604
 476.589   6.963  75.218 67.797  206.593
 481.606   7.099  75.478 67.748  206.582
 486.622   7.237  75.739 67.699  206.570
 491.639   7.376  76.001 67.649  206.559
 496.656   7.517  76.265 67.599  206.548
 501.673   7.659  76.531 67.548  206.537
 506.689   7.802  76.798 67.496  206.526
 511.706   7.946  77.067 67.444  206.514
 516.723   8.092  77.337 67.392  206.503
 521.739   8.239  77.609 67.339  206.492
 526.756   8.387  77.882 67.285  206.480
 531.773   8.537  78.157 67.231  206.469
 536.790   8.688  78.434 67.176  206.458
 541.806   8.840  78.712 67.121  206.446
 546.823   8.994  78.991 67.065  206.435
 551.840   9.149  79.272 67.008  206.423
 556.856   9.305  79.555 66.951  206.412
 561.873   9.463  79.840 66.893  206.400
 566.890   9.622  80.126 66.834  206.389
 571.907   9.782  80.413 66.775  206.377
 576.923   9.944  80.703 66.715  206.366
 581.940  10.107  80.994 66.655  206.354
 586.957  10.271  81.286 66.593  206.343
 591.973  10.436  81.580 66.531  206.331
 596.990  10.603  81.876 66.469  206.320
 602.007  10.771  82.173 66.405  206.308
 607.024  10.941  82.472 66.341  206.297
 612.040  11.112  82.773 66.276  206.285
 617.057  11.284  83.076 66.211  206.274
 622.074  11.457  83.380 66.144  206.262
 627.090  11.632  83.685 66.077  206.251
 632.107  11.808  83.993 66.009  206.239
 637.124  11.985  84.302 65.941  206.228
 642.141  12.164  84.612 65.871  206.216
 647.157  12.344  84.925 65.801  206.205
 652.174  12.526  85.239 65.729  206.193
 657.191  12.708  85.554 65.657  206.182
 662.207  12.892  85.872 65.584  206.170
 667.224  13.077  86.191 65.510  206.159
 672.241  13.264  86.511 65.436  206.148
 677.258  13.452  86.834 65.360  206.136
 682.274  13.641  87.158 65.283  206.125
 687.291  13.832  87.483 65.206  206.114
 692.308  14.024  87.810 65.127  206.102
 697.324  14.217  88.139 65.048  206.091
 702.341  14.411  88.470 64.967  206.080
 707.358  14.607  88.802 64.885  206.069
 712.375  14.804  89.136 64.803  206.058
 717.391  15.003  89.471 64.719  206.047
 722.408  15.203  89.808 64.634  206.036
 727.425  15.404  90.146 64.548  206.025
 732.441  15.606  90.487 64.461  206.014
 737.458  15.810  90.828 64.373  206.003
 742.475  16.015  91.171 64.284  205.992
 747.492  16.221  91.516 64.194  205.982
 752.508  16.429  91.862 64.102  205.971
 757.525  16.638  92.210 64.009  205.961
 762.542  16.848  92.559 63.915  205.950
 767.559  17.060  92.910 63.820  205.940
 772.575  17.273  93.262 63.723  205.930
 777.592  17.487  93.616 63.625  205.920
 782.609  17.703  93.971 63.526  205.910
 787.625  17.920  94.327 63.425  205.900
 792.642  18.138  94.685 63.323  205.890
 797.659  18.358  95.044 63.220  205.881
 802.676  18.578  95.404 63.115  205.871
 807.692  18.801  95.765 63.009  205.862
 812.709  19.024  96.128 62.901  205.853
 817.726  19.249  96.492 62.791  205.844
 822.742  19.475  96.857 62.680  205.835
 827.759  19.703  97.223 62.568  205.826
 832.776  19.931  97.590 62.454  205.817
 837.793  20.161  97.958 62.338  205.809
 842.809  20.393  98.327 62.221  205.801
 847.826  20.626  98.697 62.102  205.793
 852.843  20.860  99.067 61.981  205.785
 857.859  21.095  99.439 61.858  205.778
 862.876  21.332  99.811 61.734  205.770
 867.893  21.570 100.184 61.607  205.763
 872.910  21.809 100.557 61.479  205.756
 877.926  22.050 100.931 61.349  205.750
 882.943  22.292 101.305 61.217  205.744
 887.960  22.535 101.680 61.083  205.738
 892.976  22.779 102.054 60.947  205.732
 897.993  23.025 102.430 60.808  205.727
 903.010  23.272 102.805 60.668  205.721
 908.027  23.521 103.180 60.526  205.717
 913.043  23.771 103.555 60.381  205.712
 918.060  24.022 103.929 60.234  205.708
 923.077  24.275 104.304 60.084  205.705
 928.093  24.528 104.677 59.933  205.701
 933.110  24.783 105.051 59.779  205.698
 938.127  25.040 105.423 59.622  205.696
 943.144  25.298 105.795 59.463  205.694
 948.160  25.557 106.166 59.302  205.692
 953.177  25.817 106.535 59.137  205.691
 958.194  26.079 106.904 58.971  205.691
 963.210  26.342 107.270 58.801  205.691
 968.227  26.606 107.635 58.629  205.691
 973.244  26.872 107.999 58.453  205.692
 978.261  27.139 108.360 58.275  205.694
 983.277  27.407 108.719 58.094  205.696
 988.294  27.677 109.076 57.910  205.698
 993.311  27.948 109.430 57.723  205.702
 998.327  28.220 109.781 57.532  205.706
1003.344  28.494 110.129 57.338  205.711
1008.361  28.769 110.474 57.141  205.716
1013.378  29.045 110.815 56.941  205.722
1018.394  29.322 111.153 56.737  205.729
1023.411  29.601 111.486 56.530  205.737
1028.428  29.881 111.815 56.319  205.746
1033.444  30.163 112.139 56.104  205.755
1038.461  30.446 112.458 55.885  205.766
1043.478  30.730 112.772 55.663  205.777
1048.495  31.015 113.080 55.437  205.789
1053.511  31.302 113.382 55.206  205.803
1058.528  31.590 113.677 54.972  205.817
1063.545  31.879 113.966 54.733  205.832
1068.561  32.170 114.247 54.490  205.849
1073.578  32.462 114.521 54.242  205.867
1078.595  32.755 114.786 53.990  205.885
1083.612  33.050 115.043 53.734  205.906
1088.628  33.346 115.291 53.472  205.927
1093.645  33.643 115.529 53.206  205.950
1098.662  33.942 115.757 52.934  205.974
1103.678  34.242 115.975 52.658  205.999
1108.695  34.543 116.181 52.377  206.026
1113.712  34.846 116.375 52.090  206.055
1118.729  35.150 116.557 51.797  206.085
1123.745  35.455 116.726 51.500  206.117
1128.762  35.761 116.881 51.196  206.150
1133.779  36.069 117.021 50.887  206.185
1138.795  36.378 117.147 50.571  206.223
1143.812  36.689 117.256 50.250  206.261
1148.829  37.000 117.349 49.922  206.302
1153.846  37.314 117.424 49.588  206.345
1158.862  37.628 117.480 49.247  206.390
1163.879  37.944 117.517 48.900  206.437
1168.896  38.261 117.535 48.546  206.487
1173.912  38.579 117.531 48.185  206.539
1178.929  38.899 117.504 47.816  206.593
1183.946  39.220 117.455 47.441  206.649
1188.963  39.542 117.381 47.058  206.708
1193.979  39.866 117.282 46.667  206.770
1198.996  40.191 117.157 46.268  206.835
1204.013  40.517 117.004 45.862  206.902
1209.029  40.845 116.822 45.447  206.972
1214.046  41.174 116.609 45.024  207.045
1219.063  41.504 116.366 44.592  207.122
1224.080  41.835 116.089 44.152  207.201
1229.096  42.168 115.779 43.703  207.284
1234.113  42.502 115.432 43.244  207.370
1239.130  42.838 115.049 42.776  207.460
1244.146  43.175 114.627 42.299  207.553
1249.163  43.513 114.165 41.812  207.650
1254.180  43.852 113.661 41.315  207.750
1259.197  44.193 113.113 40.808  207.855
1264.213  44.535 112.520 40.291  207.964
1269.230  44.879 111.880 39.763  208.077
1274.247  45.223 111.192 39.225  208.194
1279.264  45.569 110.452 38.676  208.315
1284.280  45.917 109.661 38.115  208.441
1289.297  46.265 108.815 37.543  208.571
1294.314  46.615 107.912 36.960  208.706
1299.330  46.967 106.951 36.365  208.846
1304.347  47.319 105.930 35.758  208.991
1309.364  47.673 104.847 35.139  209.141
1314.381  48.029 103.699 34.508  209.296
1319.397  48.385 102.484 33.864  209.456
1324.414  48.743 101.200 33.208  209.621
1329.431  49.102  99.846 32.539  209.792
1334.447  49.463  98.419 31.857  209.969
1339.464  49.825  96.916 31.162  210.151
1344.481  50.188  95.337 30.454  210.338
1349.498  50.552  93.678 29.732  210.532
1354.514  50.918  91.937 28.997  210.731
1359.531  51.285  90.113 28.249  210.937
1364.548  51.654  88.203 27.487  211.148
1369.564  52.024  86.206 26.711  211.366
1374.581  52.395  84.119 25.922  211.589
1379.598  52.767  81.941 25.119  211.819
1384.615  53.141  79.669 24.303  212.054
1389.631  53.516  77.303 23.473  212.296
1394.648  53.892  74.840 22.631  212.544
1399.665  54.270  72.280 21.775  212.798
1404.681  54.649  69.620 20.907  213.058
1409.698  55.029  66.860 20.026  213.325
1414.715  55.411  63.999 19.134  213.597
1419.732  55.794  61.036 18.231  213.875
1424.748  56.178  57.969 17.317  214.159
1429.765  56.564  54.800 16.395  214.449
1434.782  56.950  51.527 15.464  214.744
1439.798  57.339  48.151 14.527  215.044
1444.815  57.728  44.672 13.585  215.350
1449.832  58.119  41.091 12.643  215.661
1454.849  58.511  37.408 11.702  215.976
1459.865  58.905  33.625 10.768  216.296
1464.882  59.299  29.743  9.849  216.620
1469.899  59.696  25.764  8.952  216.949
1474.915  60.093  21.690  8.092  217.281
1479.932  60.492  17.524  7.287  217.616
1484.949  60.892  13.269  6.565  217.954
1489.966  61.293   8.928  5.962  218.295
1494.982  61.696   4.504  5.525  218.638
1499.999  62.100   0.001  5.302  218.983
