   0.000  0.000 18.374 45.770 49.320
   5.017  0.033 18.397 45.747 49.307
  10.033  0.066 18.421 45.723 49.294
  15.050  0.100 18.444 45.699 49.281
  20.067  0.133 18.468 45.675 49.268
  25.084  0.167 18.492 45.651 49.254
  30.100  0.201 18.516 45.627 49.241
  35.117  0.236 18.540 45.602 49.227
  40.134  0.270 18.564 45.577 49.213
  45.150  0.305 18.588 45.553 49.199
  50.167  0.339 18.613 45.527 49.185
  55.184  0.374 18.637 45.502 49.171
  60.201  0.410 18.662 45.477 49.157
  65.217  0.445 18.686 45.451 49.142
  70.234  0.481 18.711 45.425 49.128
  75.251  0.517 18.736 45.399 49.113
  80.268  0.553 18.761 45.373 49.099
  85.284  0.589 18.787 45.346 49.084
  90.301  0.625 18.812 45.319 49.069
  95.318  0.662 18.838 45.292 49.054
 100.334  0.699 18.863 45.265 49.038
 105.351  0.736 18.889 45.238 49.023
 110.368  0.773 18.915 45.210 49.008
 115.385  0.811 18.941 45.182 48.992
 120.401  0.849 18.967 45.154 48.976
 125.418  0.887 18.993 45.126 48.960
 130.435  0.925 19.020 45.098 48.944
 135.451  0.963 19.046 45.069 48.928
 140.468  1.002 19.073 45.040 48.912
 145.485  1.041 19.099 45.011 48.895
 150.502  1.080 19.126 44.981 48.879
 155.518  1.120 19.153 44.952 48.862
 160.535  1.159 19.181 44.922 48.845
 165.552  1.199 19.208 44.892 48.828
 170.569  1.239 19.235 44.861 48.811
 175.585  1.280 19.263 44.830 48.794
 180.602  1.320 19.291 44.800 48.776
 185.619  1.361 19.319 44.768 48.759
 190.635  1.402 19.347 44.737 48.741
 195.652  1.443 19.375 44.705 48.723
 200.669  1.485 19.403 44.673 48.705
 205.686  1.527 19.431 44.641 48.687
 210.702  1.569 19.460 44.608 48.668
 215.719  1.611 19.489 44.575 48.650
 220.736  1.654 19.518 44.542 48.631
 225.752  1.697 19.547 44.509 48.612
 230.769  1.740 19.576 44.475 48.593
 235.786  1.783 19.605 44.441 48.574
 240.803  1.827 19.635 44.407 48.554
 245.819  1.871 19.664 44.372 48.534
 250.836  1.915 19.694 44.338 48.515
 255.853  1.960 19.724 44.302 48.495
 260.870  2.005 19.754 44.267 48.474
 265.886  2.050 19.784 44.231 48.454
 270.903  2.095 19.814 44.195 48.434
 275.920  2.141 19.845 44.159 48.413
 280.936  2.187 19.875 44.122 48.392
 285.953  2.233 19.906 44.085 48.371
 290.970  2.280 19.937 44.047 48.349
 295.987  2.326 19.968 44.009 48.328
 301.003  2.374 20.000 43.971 48.306
 306.020  2.421 20.031 43.933 48.284
 311.037  2.469 20.063 43.894 48.262
 316.053  2.517 20.094 43.855 48.239
 321.070  2.565 20.126 43.815 48.217
 326.087  2.614 20.158 43.775 48.194
 331.104  2.663 20.191 43.735 48.171
 336.120  2.712 20.223 43.694 48.147
 341.137  2.762 20.255 43.653 48.124
 346.154  2.812 20.288 43.612 48.100
 351.171  2.862 20.321 43.570 48.076
 356.187  2.913 20.354 43.528 48.052
 361.204  2.964 20.387 43.485 48.027
 366.221  3.015 20.421 43.442 48.003
 371.237  3.067 20.454 43.399 47.978
 376.254  3.118 20.488 43.355 47.952
 381.271  3.171 20.522 43.311 47.927
 386.288  3.223 20.556 43.266 47.901
 391.304  3.276 20.590 43.221 47.875
 396.321  3.330 20.624 43.176 47.849
 401.338  3.383 20.659 43.130 47.822
 406.354  3.438 20.694 43.083 47.795
 411.371  3.492 20.728 43.036 47.768
 416.388  3.547 20.763 42.989 47.741
 421.405  3.602 20.799 42.941 47.713
 426.421  3.657 20.834 42.893 47.685
 431.438  3.713 20.870 42.844 47.657
 436.455  3.770 20.905 42.795 47.628
 441.472  3.826 20.941 42.745 47.599
 446.488  3.883 20.977 42.695 47.570
 451.505  3.941 21.013 42.644 47.540
 456.522  3.998 21.050 42.593 47.510
 461.538  4.057 21.086 42.541 47.480
 466.555  4.115 21.123 42.488 47.450
 471.572  4.174 21.160 42.436 47.419
 476.589  4.234 21.197 42.382 47.387
 481.605  4.293 21.235 42.328 47.356
 486.622  4.354 21.272 42.274 47.324
 491.639  4.414 21.310 42.219 47.292
 496.655  4.475 21.347 42.163 47.259
 501.672  4.537 21.385 42.107 47.226
 506.689  4.599 21.424 42.050 47.193
 511.706  4.661 21.462 41.992 47.159
 516.722  4.724 21.500 41.934 47.125
 521.739  4.787 21.539 41.876 47.090
 526.756  4.850 21.578 41.816 47.055
 531.773  4.914 21.617 41.756 47.020
 536.789  4.979 21.656 41.696 46.984
 541.806  5.044 21.695 41.634 46.948
 546.823  5.109 21.735 41.573 46.911
 551.839  5.175 21.774 41.510 46.874
 556.856  5.241 21.814 41.447 46.837
 561.873  5.308 21.854 41.383 46.799
 566.890  5.375 21.894 41.318 46.761
 571.906  5.443 21.935 41.253 46.722
 576.923  5.511 21.975 41.187 46.682
 581.940  5.579 22.016 41.120 46.643
 586.956  5.648 22.057 41.052 46.602
 591.973  5.718 22.098 40.984 46.562
 596.990  5.788 22.139 40.915 46.520
 602.007  5.858 22.180 40.845 46.479
 607.023  5.929 22.222 40.774 46.436
 612.040  6.001 22.263 40.703 46.394
 617.057  6.073 22.305 40.630 46.350
 622.074  6.145 22.347 40.557 46.306
 627.090  6.218 22.389 40.483 46.262
 632.107  6.292 22.431 40.409 46.217
 637.124  6.366 22.473 40.333 46.171
 642.140  6.440 22.516 40.256 46.125
 647.157  6.515 22.559 40.179 46.079
 652.174  6.591 22.601 40.101 46.031
 657.191  6.667 22.644 40.021 45.983
 662.207  6.743 22.687 39.941 45.935
 667.224  6.820 22.730 39.860 45.885
 672.241  6.898 22.774 39.778 45.836
 677.257  6.976 22.817 39.695 45.785
 682.274  7.055 22.860 39.611 45.734
 687.291  7.134 22.904 39.525 45.682
 692.308  7.214 22.948 39.439 45.629
 697.324  7.294 22.991 39.352 45.576
 702.341  7.375 23.035 39.264 45.522
 707.358  7.456 23.079 39.175 45.468
 712.375  7.538 23.123 39.084 45.412
 717.391  7.620 23.168 38.993 45.356
 722.408  7.703 23.212 38.900 45.299
 727.425  7.787 23.256 38.806 45.241
 732.441  7.871 23.300 38.711 45.183
 737.458  7.956 23.345 38.615 45.123
 742.475  8.041 23.389 38.518 45.063
 747.492  8.127 23.434 38.419 45.002
 752.508  8.213 23.478 38.319 44.940
 757.525  8.300 23.523 38.218 44.877
 762.542  8.388 23.567 38.116 44.813
 767.558  8.476 23.612 38.012 44.749
 772.575  8.564 23.657 37.907 44.683
 777.592  8.653 23.701 37.801 44.617
 782.609  8.743 23.746 37.693 44.549
 787.625  8.833 23.790 37.584 44.481
 792.642  8.924 23.835 37.474 44.411
 797.659  9.015 23.879 37.362 44.341
 802.676  9.107 23.924 37.248 44.269
 807.692  9.200 23.968 37.133 44.197
 812.709  9.293 24.012 37.017 44.123
 817.726  9.386 24.056 36.899 44.048
 822.742  9.481 24.100 36.780 43.972
 827.759  9.575 24.144 36.659 43.895
 832.776  9.670 24.188 36.536 43.817
 837.793  9.766 24.232 36.412 43.738
 842.809  9.862 24.275 36.286 43.657
 847.826  9.959 24.318 36.158 43.575
 852.843 10.056 24.361 36.029 43.492
 857.859 10.154 24.404 35.898 43.408
 862.876 10.253 24.447 35.765 43.322
 867.893 10.351 24.489 35.630 43.235
 872.910 10.451 24.531 35.494 43.146
 877.926 10.551 24.573 35.355 43.056
 882.943 10.651 24.614 35.215 42.965
 887.960 10.752 24.655 35.073 42.872
 892.977 10.853 24.696 34.929 42.777
 897.993 10.954 24.736 34.783 42.682
 903.010 11.057 24.776 34.634 42.584
 908.027 11.159 24.816 34.484 42.485
 913.043 11.262 24.855 34.332 42.384
 918.060 11.365 24.893 34.178 42.282
 923.077 11.469 24.931 34.021 42.178
 928.094 11.573 24.968 33.862 42.072
 933.110 11.677 25.005 33.701 41.965
 938.127 11.782 25.041 33.538 41.855
 943.144 11.887 25.076 33.373 41.744
 948.160 11.992 25.111 33.205 41.631
 953.177 12.098 25.145 33.035 41.516
 958.194 12.204 25.178 32.862 41.399
 963.211 12.310 25.211 32.687 41.280
 968.227 12.416 25.242 32.509 41.159
 973.244 12.522 25.273 32.329 41.035
 978.261 12.629 25.302 32.147 40.910
 983.278 12.735 25.331 31.962 40.782
 988.294 12.842 25.359 31.774 40.653
 993.311 12.949 25.385 31.583 40.520
 998.328 13.055 25.411 31.390 40.386
1003.344 13.162 25.435 31.194 40.249
1008.361 13.268 25.457 30.995 40.110
1013.378 13.375 25.479 30.794 39.968
1018.395 13.481 25.499 30.589 39.823
1023.411 13.587 25.518 30.382 39.676
1028.428 13.693 25.535 30.171 39.526
1033.445 13.798 25.550 29.958 39.374
1038.461 13.903 25.564 29.742 39.219
1043.478 14.008 25.576 29.522 39.060
1048.495 14.112 25.587 29.300 38.899
1053.512 14.215 25.595 29.074 38.735
1058.528 14.318 25.601 28.845 38.568
1063.545 14.420 25.606 28.613 38.397
1068.562 14.522 25.608 28.378 38.224
1073.579 14.622 25.608 28.139 38.047
1078.595 14.722 25.606 27.897 37.867
1083.612 14.821 25.601 27.652 37.683
1088.629 14.918 25.593 27.403 37.496
1093.645 15.015 25.583 27.150 37.305
1098.662 15.110 25.570 26.895 37.110
1103.679 15.204 25.555 26.635 36.912
1108.696 15.296 25.536 26.373 36.710
1113.712 15.387 25.514 26.106 36.504
1118.729 15.476 25.489 25.836 36.293
1123.746 15.563 25.461 25.563 36.079
1128.762 15.648 25.429 25.286 35.861
1133.779 15.731 25.393 25.005 35.638
1138.796 15.812 25.354 24.721 35.411
1143.813 15.890 25.310 24.432 35.179
1148.829 15.966 25.263 24.141 34.943
1153.846 16.039 25.211 23.845 34.701
1158.863 16.110 25.155 23.546 34.456
1163.880 16.177 25.094 23.243 34.205
1168.896 16.242 25.029 22.936 33.949
1173.913 16.303 24.959 22.626 33.688
1178.930 16.360 24.883 22.312 33.422
1183.946 16.414 24.802 21.995 33.150
1188.963 16.464 24.716 21.674 32.873
1193.980 16.509 24.624 21.349 32.590
1198.997 16.551 24.526 21.021 32.302
1204.013 16.587 24.423 20.689 32.008
1209.030 16.619 24.312 20.354 31.707
1214.047 16.646 24.196 20.015 31.401
1219.063 16.668 24.072 19.673 31.089
1224.080 16.684 23.942 19.328 30.770
1229.097 16.694 23.804 18.980 30.444
1234.114 16.698 23.659 18.628 30.113
1239.130 16.696 23.506 18.274 29.774
1244.147 16.687 23.346 17.917 29.429
1249.164 16.671 23.177 17.557 29.076
1254.181 16.648 23.000 17.195 28.717
1259.197 16.617 22.814 16.830 28.350
1264.214 16.579 22.620 16.463 27.976
1269.231 16.532 22.416 16.094 27.595
1274.247 16.477 22.202 15.723 27.206
1279.264 16.412 21.980 15.350 26.809
1284.281 16.339 21.747 14.976 26.405
1289.298 16.256 21.504 14.601 25.992
1294.314 16.163 21.250 14.225 25.572
1299.331 16.059 20.986 13.848 25.143
1304.348 15.945 20.711 13.471 24.707
1309.364 15.820 20.425 13.093 24.262
1314.381 15.684 20.128 12.716 23.808
1319.398 15.535 19.819 12.340 23.346
1324.415 15.375 19.498 11.964 22.876
1329.431 15.202 19.164 11.590 22.397
1334.448 15.016 18.819 11.218 21.909
1339.465 14.816 18.461 10.847 21.412
1344.482 14.603 18.091 10.480 20.907
1349.498 14.376 17.707 10.115 20.393
1354.515 14.135 17.311  9.754 19.870
1359.532 13.879 16.901  9.397 19.338
1364.548 13.607 16.478  9.045 18.797
1369.565 13.321 16.042  8.697 18.248
1374.582 13.018 15.593  8.355 17.690
1379.599 12.700 15.130  8.020 17.124
1384.615 12.365 14.653  7.691 16.549
1389.632 12.014 14.163  7.370 15.966
1394.649 11.646 13.660  7.057 15.375
1399.665 11.261 13.143  6.752 14.776
1404.682 10.859 12.613  6.457 14.170
1409.699 10.440 12.070  6.171 13.556
1414.716 10.003 11.513  5.897 12.935
1419.732  9.549 10.944  5.633 12.309
1424.749  9.077 10.362  5.381 11.676
1429.766  8.588  9.768  5.142 11.039
1434.783  8.081  9.162  4.917 10.398
1439.799  7.557  8.545  4.705  9.754
1444.816  7.015  7.916  4.508  9.109
1449.833  6.456  7.276  4.326  8.465
1454.849  5.881  6.626  4.160  7.824
1459.866  5.289  5.967  4.010  7.189
1464.883  4.680  5.298  3.878  6.565
1469.900  4.056  4.620  3.763  5.958
1474.916  3.415  3.935  3.666  5.378
1479.933  2.760  3.242  3.588  4.836
1484.950  2.091  2.543  3.529  4.350
1489.966  1.407  1.838  3.490  3.944
1494.983  0.710  1.128  3.470  3.649
1500.000  0.000  0.414  3.472  3.496
