   0.001   0.000  62.806  40.196 74.935 59.948
   5.018   0.011  62.982  40.309 74.915 59.932
  10.034   0.024  63.160  40.422 74.895 59.916
  15.051   0.038  63.338  40.536 74.875 59.900
  20.068   0.053  63.518  40.651 74.854 59.884
  25.085   0.070  63.698  40.767 74.834 59.867
  30.101   0.088  63.879  40.883 74.813 59.851
  35.118   0.107  64.062  40.999 74.792 59.834
  40.135   0.128  64.245  41.117 74.772 59.817
  45.151   0.150  64.429  41.235 74.750 59.800
  50.168   0.173  64.614  41.353 74.729 59.783
  55.185   0.197  64.801  41.472 74.708 59.766
  60.202   0.223  64.988  41.592 74.686 59.749
  65.218   0.250  65.176  41.713 74.664 59.731
  70.235   0.279  65.365  41.834 74.642 59.714
  75.252   0.309  65.555  41.955 74.620 59.696
  80.268   0.340  65.747  42.078 74.597 59.678
  85.285   0.372  65.939  42.201 74.575 59.660
  90.302   0.406  66.132  42.325 74.552 59.642
  95.319   0.441  66.327  42.449 74.529 59.623
 100.335   0.478  66.522  42.574 74.506 59.605
 105.352   0.515  66.719  42.700 74.483 59.586
 110.369   0.554  66.916  42.826 74.459 59.567
 115.385   0.595  67.115  42.954 74.436 59.548
 120.402   0.636  67.315  43.081 74.412 59.529
 125.419   0.679  67.516  43.210 74.387 59.510
 130.436   0.724  67.718  43.339 74.363 59.490
 135.452   0.769  67.921  43.469 74.339 59.471
 140.469   0.816  68.125  43.600 74.314 59.451
 145.486   0.864  68.330  43.731 74.289 59.431
 150.502   0.914  68.537  43.863 74.264 59.411
 155.519   0.965  68.744  43.996 74.238 59.391
 160.536   1.017  68.953  44.130 74.213 59.370
 165.553   1.071  69.163  44.264 74.187 59.349
 170.569   1.125  69.374  44.399 74.161 59.329
 175.586   1.182  69.586  44.535 74.134 59.308
 180.603   1.239  69.800  44.672 74.108 59.286
 185.619   1.298  70.014  44.809 74.081 59.265
 190.636   1.358  70.230  44.947 74.054 59.243
 195.653   1.419  70.447  45.086 74.027 59.222
 200.670   1.482  70.666  45.226 73.999 59.200
 205.686   1.546  70.885  45.367 73.972 59.177
 210.703   1.612  71.106  45.508 73.944 59.155
 215.720   1.678  71.328  45.650 73.915 59.132
 220.736   1.746  71.551  45.793 73.887 59.110
 225.753   1.816  71.776  45.937 73.858 59.087
 230.770   1.886  72.002  46.081 73.829 59.063
 235.787   1.958  72.229  46.226 73.800 59.040
 240.803   2.032  72.457  46.373 73.770 59.016
 245.820   2.106  72.687  46.520 73.740 58.992
 250.837   2.182  72.918  46.667 73.710 58.968
 255.854   2.259  73.150  46.816 73.680 58.944
 260.870   2.338  73.384  46.966 73.649 58.919
 265.887   2.418  73.619  47.116 73.618 58.895
 270.904   2.499  73.855  47.267 73.587 58.870
 275.920   2.582  74.093  47.419 73.556 58.844
 280.937   2.665  74.332  47.572 73.524 58.819
 285.954   2.751  74.572  47.726 73.492 58.793
 290.971   2.837  74.814  47.881 73.459 58.767
 295.987   2.925  75.057  48.037 73.426 58.741
 301.004   3.014  75.302  48.193 73.393 58.715
 306.021   3.104  75.548  48.351 73.360 58.688
 311.037   3.196  75.796  48.509 73.326 58.661
 316.054   3.289  76.044  48.668 73.292 58.634
 321.071   3.384  76.295  48.829 73.258 58.606
 326.088   3.479  76.547  48.990 73.223 58.578
 331.104   3.576  76.800  49.152 73.188 58.550
 336.121   3.675  77.055  49.315 73.152 58.522
 341.138   3.774  77.311  49.479 73.117 58.493
 346.154   3.875  77.569  49.644 73.081 58.464
 351.171   3.977  77.828  49.810 73.044 58.435
 356.188   4.081  78.089  49.977 73.007 58.406
 361.205   4.186  78.351  50.145 72.970 58.376
 366.221   4.292  78.615  50.313 72.932 58.346
 371.238   4.400  78.880  50.483 72.894 58.315
 376.255   4.509  79.147  50.654 72.856 58.285
 381.271   4.619  79.416  50.826 72.817 58.254
 386.288   4.730  79.686  50.999 72.778 58.222
 391.305   4.843  79.957  51.173 72.738 58.191
 396.322   4.957  80.230  51.348 72.698 58.159
 401.338   5.073  80.505  51.523 72.658 58.126
 406.355   5.189  80.782  51.700 72.617 58.094
 411.372   5.308  81.060  51.878 72.576 58.061
 416.388   5.427  81.340  52.057 72.534 58.027
 421.405   5.548  81.621  52.237 72.492 57.994
 426.422   5.670  81.904  52.419 72.450 57.960
 431.439   5.793  82.189  52.601 72.407 57.925
 436.455   5.918  82.475  52.784 72.363 57.890
 441.472   6.044  82.763  52.968 72.319 57.855
 446.489   6.171  83.053  53.154 72.275 57.820
 451.505   6.300  83.344  53.340 72.230 57.784
 456.522   6.430  83.638  53.528 72.184 57.748
 461.539   6.561  83.933  53.717 72.138 57.711
 466.556   6.694  84.229  53.907 72.092 57.674
 471.572   6.827  84.528  54.098 72.045 57.636
 476.589   6.963  84.828  54.290 71.998 57.598
 481.606   7.099  85.130  54.483 71.950 57.560
 486.622   7.237  85.433  54.677 71.901 57.521
 491.639   7.376  85.739  54.873 71.852 57.482
 496.656   7.517  86.046  55.070 71.803 57.442
 501.673   7.659  86.355  55.267 71.753 57.402
 506.689   7.802  86.666  55.466 71.702 57.361
 511.706   7.946  86.979  55.666 71.650 57.320
 516.723   8.092  87.293  55.868 71.599 57.279
 521.739   8.239  87.610  56.070 71.546 57.237
 526.756   8.387  87.928  56.274 71.493 57.194
 531.773   8.537  88.248  56.479 71.439 57.151
 536.790   8.688  88.570  56.685 71.385 57.108
 541.806   8.840  88.894  56.892 71.330 57.064
 546.823   8.994  89.219  57.100 71.274 57.020
 551.840   9.149  89.547  57.310 71.218 56.975
 556.856   9.305  89.876  57.521 71.161 56.929
 561.873   9.463  90.208  57.733 71.104 56.883
 566.890   9.622  90.541  57.946 71.045 56.836
 571.907   9.782  90.876  58.161 70.986 56.789
 576.923   9.944  91.213  58.376 70.927 56.741
 581.940  10.107  91.552  58.593 70.866 56.693
 586.957  10.271  91.893  58.812 70.805 56.644
 591.973  10.436  92.236  59.031 70.743 56.595
 596.990  10.603  92.581  59.252 70.680 56.544
 602.007  10.771  92.927  59.473 70.617 56.494
 607.024  10.941  93.276  59.697 70.553 56.442
 612.040  11.112  93.627  59.921 70.488 56.390
 617.057  11.284  93.979  60.147 70.422 56.338
 622.074  11.457  94.334  60.373 70.355 56.284
 627.090  11.632  94.690  60.602 70.288 56.230
 632.107  11.808  95.048  60.831 70.219 56.176
 637.124  11.985  95.409  61.062 70.150 56.120
 642.141  12.164  95.771  61.293 70.080 56.064
 647.157  12.344  96.135  61.527 70.009 56.007
 652.174  12.526  96.501  61.761 69.937 55.950
 657.191  12.708  96.870  61.996 69.864 55.891
 662.207  12.892  97.240  62.233 69.790 55.832
 667.224  13.077  97.612  62.471 69.716 55.773
 672.241  13.264  97.986  62.711 69.640 55.712
 677.258  13.452  98.361  62.951 69.563 55.651
 682.274  13.641  98.739  63.193 69.485 55.588
 687.291  13.832  99.119  63.436 69.407 55.525
 692.308  14.024  99.501  63.680 69.327 55.461
 697.324  14.217  99.884  63.926 69.246 55.397
 702.341  14.411 100.270  64.172 69.164 55.331
 707.358  14.607 100.657  64.420 69.081 55.265
 712.375  14.804 101.046  64.669 68.997 55.197
 717.391  15.003 101.437  64.920 68.911 55.129
 722.408  15.203 101.830  65.171 68.825 55.060
 727.425  15.404 102.225  65.424 68.737 54.989
 732.441  15.606 102.621  65.677 68.648 54.918
 737.458  15.810 103.019  65.932 68.558 54.846
 742.475  16.015 103.419  66.188 68.466 54.773
 747.492  16.221 103.821  66.446 68.373 54.699
 752.508  16.429 104.225  66.704 68.279 54.623
 757.525  16.638 104.630  66.963 68.184 54.547
 762.542  16.848 105.037  67.224 68.087 54.470
 767.559  17.060 105.445  67.485 67.989 54.391
 772.575  17.273 105.855  67.747 67.889 54.311
 777.592  17.487 106.267  68.011 67.788 54.231
 782.609  17.703 106.680  68.275 67.686 54.149
 787.625  17.920 107.095  68.541 67.582 54.065
 792.642  18.138 107.511  68.807 67.476 53.981
 797.659  18.358 107.929  69.075 67.369 53.895
 802.676  18.578 108.348  69.343 67.260 53.808
 807.692  18.801 108.768  69.612 67.150 53.720
 812.709  19.024 109.190  69.882 67.038 53.631
 817.726  19.249 109.613  70.152 66.925 53.540
 822.742  19.475 110.037  70.424 66.809 53.447
 827.759  19.703 110.462  70.696 66.692 53.354
 832.776  19.931 110.888  70.969 66.573 53.259
 837.793  20.161 111.316  71.242 66.453 53.162
 842.809  20.393 111.744  71.516 66.330 53.064
 847.826  20.626 112.173  71.791 66.206 52.964
 852.843  20.860 112.603  72.066 66.079 52.863
 857.859  21.095 113.033  72.341 65.951 52.761
 862.876  21.332 113.464  72.617 65.821 52.656
 867.893  21.570 113.896  72.893 65.688 52.550
 872.910  21.809 114.328  73.170 65.554 52.443
 877.926  22.050 114.760  73.446 65.417 52.334
 882.943  22.292 115.193  73.723 65.278 52.222
 887.960  22.535 115.625  74.000 65.137 52.110
 892.976  22.779 116.058  74.277 64.994 51.995
 897.993  23.025 116.491  74.554 64.848 51.878
 903.010  23.272 116.923  74.831 64.700 51.760
 908.027  23.521 117.355  75.107 64.549 51.639
 913.043  23.771 117.786  75.383 64.396 51.517
 918.060  24.022 118.217  75.659 64.241 51.393
 923.077  24.275 118.647  75.934 64.083 51.266
 928.093  24.528 119.076  76.209 63.922 51.138
 933.110  24.783 119.504  76.483 63.759 51.007
 938.127  25.040 119.931  76.756 63.592 50.874
 943.144  25.298 120.356  77.028 63.423 50.739
 948.160  25.557 120.780  77.299 63.252 50.601
 953.177  25.817 121.201  77.569 63.077 50.461
 958.194  26.079 121.621  77.838 62.899 50.319
 963.210  26.342 122.039  78.105 62.718 50.174
 968.227  26.606 122.453  78.370 62.534 50.027
 973.244  26.872 122.866  78.634 62.347 49.877
 978.261  27.139 123.275  78.896 62.156 49.725
 983.277  27.407 123.681  79.156 61.963 49.570
 988.294  27.677 124.083  79.413 61.765 49.412
 993.311  27.948 124.482  79.668 61.564 49.252
 998.327  28.220 124.876  79.921 61.360 49.088
1003.344  28.494 125.267  80.171 61.152 48.922
1008.361  28.769 125.652  80.417 60.940 48.752
1013.378  29.045 126.033  80.661 60.725 48.580
1018.394  29.322 126.408  80.901 60.505 48.404
1023.411  29.601 126.777  81.137 60.282 48.226
1028.428  29.881 127.140  81.370 60.054 48.043
1033.444  30.163 127.497  81.598 59.823 47.858
1038.461  30.446 127.847  81.822 59.587 47.669
1043.478  30.730 128.190  82.041 59.346 47.477
1048.495  31.015 128.524  82.256 59.101 47.281
1053.511  31.302 128.851  82.464 58.852 47.082
1058.528  31.590 129.169  82.668 58.598 46.878
1063.545  31.879 129.477  82.865 58.339 46.671
1068.561  32.170 129.776  83.057 58.075 46.460
1073.578  32.462 130.064  83.241 57.806 46.245
1078.595  32.755 130.342  83.419 57.532 46.026
1083.612  33.050 130.608  83.589 57.253 45.803
1088.628  33.346 130.862  83.752 56.969 45.575
1093.645  33.643 131.104  83.906 56.679 45.343
1098.662  33.942 131.332  84.052 56.383 45.107
1103.678  34.242 131.546  84.189 56.082 44.865
1108.695  34.543 131.745  84.317 55.775 44.620
1113.712  34.846 131.929  84.435 55.462 44.369
1118.729  35.150 132.097  84.542 55.142 44.114
1123.745  35.455 132.247  84.638 54.817 43.853
1128.762  35.761 132.380  84.723 54.485 43.588
1133.779  36.069 132.494  84.796 54.146 43.317
1138.795  36.378 132.588  84.856 53.801 43.041
1143.812  36.689 132.661  84.903 53.449 42.759
1148.829  37.000 132.714  84.937 53.090 42.472
1153.846  37.314 132.743  84.956 52.723 42.179
1158.862  37.628 132.749  84.959 52.350 41.880
1163.879  37.944 132.731  84.948 51.969 41.575
1168.896  38.261 132.686  84.919 51.580 41.264
1173.912  38.579 132.615  84.874 51.184 40.947
1178.929  38.899 132.516  84.810 50.779 40.623
1183.946  39.220 132.388  84.728 50.366 40.293
1188.963  39.542 132.229  84.627 49.945 39.956
1193.979  39.866 132.039  84.505 49.516 39.613
1198.996  40.191 131.815  84.362 49.078 39.262
1204.013  40.517 131.558  84.197 48.631 38.904
1209.029  40.845 131.264  84.009 48.174 38.540
1214.046  41.174 130.933  83.797 47.709 38.167
1219.063  41.504 130.563  83.560 47.234 37.787
1224.080  41.835 130.153  83.298 46.750 37.400
1229.096  42.168 129.701  83.009 46.256 37.004
1234.113  42.502 129.206  82.692 45.751 36.601
1239.130  42.838 128.665  82.346 45.237 36.190
1244.146  43.175 128.078  81.970 44.712 35.770
1249.163  43.513 127.443  81.563 44.177 35.341
1254.180  43.852 126.757  81.124 43.631 34.905
1259.197  44.193 126.019  80.652 43.074 34.459
1264.213  44.535 125.228  80.146 42.506 34.004
1269.230  44.879 124.381  79.604 41.926 33.541
1274.247  45.223 123.476  79.025 41.335 33.068
1279.264  45.569 122.513  78.408 40.732 32.586
1284.280  45.917 121.488  77.752 40.118 32.094
1289.297  46.265 120.400  77.056 39.491 31.593
1294.314  46.615 119.247  76.318 38.853 31.082
1299.330  46.967 118.027  75.537 38.202 30.561
1304.347  47.319 116.738  74.712 37.538 30.030
1309.364  47.673 115.378  73.842 36.862 29.490
1314.381  48.029 113.946  72.925 36.173 28.938
1319.397  48.385 112.439  71.961 35.471 28.377
1324.414  48.743 110.856  70.948 34.756 27.805
1329.431  49.102 109.194  69.884 34.028 27.222
1334.447  49.463 107.452  68.769 33.287 26.630
1339.464  49.825 105.629  67.602 32.532 26.026
1344.481  50.188 103.721  66.382 31.765 25.412
1349.498  50.552 101.729  65.107 30.983 24.787
1354.514  50.918  99.650  63.776 30.189 24.151
1359.531  51.285  97.483  62.389 29.381 23.505
1364.548  51.654  95.226  60.945 28.560 22.848
1369.564  52.024  92.878  59.442 27.725 22.180
1374.581  52.395  90.438  57.881 26.878 21.502
1379.598  52.767  87.906  56.260 26.017 20.814
1384.615  53.141  85.279  54.579 25.144 20.115
1389.631  53.516  82.558  52.837 24.258 19.406
1394.648  53.892  79.741  51.034 23.360 18.688
1399.665  54.270  76.829  49.171 22.450 17.960
1404.681  54.649  73.822  47.246 21.528 17.223
1409.698  55.029  70.718  45.260 20.596 16.477
1414.715  55.411  67.520  43.213 19.653 15.723
1419.732  55.794  64.226  41.105 18.701 14.961
1424.748  56.178  60.838  38.936 17.741 14.193
1429.765  56.564  57.356  36.708 16.773 13.418
1434.782  56.950  53.783  34.421 15.799 12.639
1439.798  57.339  50.119  32.076 14.821 11.856
1444.815  57.728  46.365  29.674 13.840 11.072
1449.832  58.119  42.526  27.216 12.861 10.289
1454.849  58.511  38.601  24.705 11.887  9.510
1459.865  58.905  34.595  22.141 10.923  8.738
1464.882  59.299  30.509  19.526  9.975  7.980
1469.899  59.696  26.348  16.863  9.053  7.242
1474.915  60.093  22.114  14.153  8.171  6.537
1479.932  60.492  17.812  11.399  7.347  5.878
1484.949  60.892  13.445   8.605  6.609  5.287
1489.966  61.293   9.018   5.771  5.992  4.794
1494.982  61.696   4.535   2.902  5.544  4.435
1499.999  62.100   0.001   0.001  5.312  4.249
