   0.000  62.806 74.935  0.000 18.374 45.770 49.320 0.372542 0.000000
   5.017  62.982 74.915  0.033 18.397 45.747 49.307 0.373114 0.001799
  10.033  63.160 74.895  0.066 18.421 45.723 49.294 0.373690 0.003603
  15.050  63.338 74.875  0.100 18.444 45.699 49.281 0.374269 0.005412
  20.067  63.518 74.854  0.133 18.468 45.675 49.268 0.374851 0.007227
  25.084  63.698 74.834  0.167 18.492 45.651 49.254 0.375437 0.009048
  30.100  63.879 74.813  0.201 18.516 45.627 49.241 0.376026 0.010875
  35.117  64.062 74.792  0.236 18.540 45.602 49.227 0.376619 0.012707
  40.134  64.245 74.772  0.270 18.564 45.577 49.213 0.377216 0.014545
  45.150  64.429 74.750  0.305 18.588 45.553 49.199 0.377816 0.016388
  50.167  64.614 74.729  0.339 18.613 45.527 49.185 0.378419 0.018238
  55.184  64.801 74.708  0.374 18.637 45.502 49.171 0.379027 0.020093
  60.201  64.988 74.686  0.410 18.662 45.477 49.157 0.379637 0.021954
  65.217  65.176 74.664  0.445 18.686 45.451 49.142 0.380252 0.023821
  70.234  65.365 74.642  0.481 18.711 45.425 49.128 0.380871 0.025693
  75.251  65.555 74.620  0.517 18.736 45.399 49.113 0.381493 0.027572
  80.268  65.747 74.597  0.553 18.761 45.373 49.099 0.382119 0.029456
  85.284  65.939 74.575  0.589 18.787 45.346 49.084 0.382749 0.031347
  90.301  66.132 74.552  0.625 18.812 45.319 49.069 0.383382 0.033243
  95.318  66.327 74.529  0.662 18.838 45.292 49.054 0.384020 0.035145
 100.334  66.522 74.506  0.699 18.863 45.265 49.038 0.384661 0.037054
 105.351  66.719 74.483  0.736 18.889 45.238 49.023 0.385307 0.038968
 110.368  66.916 74.459  0.773 18.915 45.210 49.008 0.385957 0.040889
 115.385  67.115 74.436  0.811 18.941 45.182 48.992 0.386610 0.042815
 120.401  67.315 74.412  0.849 18.967 45.154 48.976 0.387268 0.044748
 125.418  67.516 74.387  0.887 18.993 45.126 48.960 0.387930 0.046687
 130.435  67.718 74.363  0.925 19.020 45.098 48.944 0.388596 0.048632
 135.451  67.921 74.339  0.963 19.046 45.069 48.928 0.389266 0.050584
 140.468  68.125 74.314  1.002 19.073 45.040 48.912 0.389940 0.052541
 145.485  68.330 74.289  1.041 19.099 45.011 48.895 0.390619 0.054505
 150.502  68.537 74.264  1.080 19.126 44.981 48.879 0.391302 0.056475
 155.518  68.744 74.238  1.120 19.153 44.952 48.862 0.391990 0.058452
 160.535  68.953 74.213  1.159 19.181 44.922 48.845 0.392681 0.060435
 165.552  69.163 74.187  1.199 19.208 44.892 48.828 0.393378 0.062425
 170.569  69.374 74.161  1.239 19.235 44.861 48.811 0.394079 0.064420
 175.585  69.586 74.134  1.280 19.263 44.830 48.794 0.394784 0.066423
 180.602  69.800 74.108  1.320 19.291 44.800 48.776 0.395494 0.068432
 185.619  70.014 74.081  1.361 19.319 44.768 48.759 0.396208 0.070447
 190.635  70.230 74.054  1.402 19.347 44.737 48.741 0.396927 0.072469
 195.652  70.447 74.027  1.443 19.375 44.705 48.723 0.397651 0.074498
 200.669  70.666 73.999  1.485 19.403 44.673 48.705 0.398380 0.076533
 205.686  70.885 73.972  1.527 19.431 44.641 48.687 0.399113 0.078575
 210.702  71.106 73.944  1.569 19.460 44.608 48.668 0.399851 0.080623
 215.719  71.328 73.915  1.611 19.489 44.575 48.650 0.400594 0.082679
 220.736  71.551 73.887  1.654 19.518 44.542 48.631 0.401342 0.084741
 225.752  71.776 73.858  1.697 19.547 44.509 48.612 0.402095 0.086810
 230.769  72.002 73.829  1.740 19.576 44.475 48.593 0.402853 0.088885
 235.786  72.229 73.800  1.783 19.605 44.441 48.574 0.403616 0.090968
 240.803  72.457 73.770  1.827 19.635 44.407 48.554 0.404384 0.093057
 245.819  72.687 73.740  1.871 19.664 44.372 48.534 0.405157 0.095154
 250.836  72.918 73.710  1.915 19.694 44.338 48.515 0.405936 0.097257
 255.853  73.150 73.680  1.960 19.724 44.302 48.495 0.406720 0.099368
 260.870  73.384 73.649  2.005 19.754 44.267 48.474 0.407509 0.101485
 265.886  73.619 73.618  2.050 19.784 44.231 48.454 0.408303 0.103609
 270.903  73.855 73.587  2.095 19.814 44.195 48.434 0.409103 0.105741
 275.920  74.093 73.556  2.141 19.845 44.159 48.413 0.409909 0.107880
 280.936  74.332 73.524  2.187 19.875 44.122 48.392 0.410720 0.110026
 285.953  74.572 73.492  2.233 19.906 44.085 48.371 0.411536 0.112179
 290.970  74.814 73.459  2.280 19.937 44.047 48.349 0.412358 0.114339
 295.987  75.057 73.426  2.326 19.968 44.009 48.328 0.413186 0.116507
 301.003  75.302 73.393  2.374 20.000 43.971 48.306 0.414020 0.118682
 306.020  75.548 73.360  2.421 20.031 43.933 48.284 0.414859 0.120864
 311.037  75.795 73.326  2.469 20.063 43.894 48.262 0.415705 0.123054
 316.053  76.044 73.292  2.517 20.094 43.855 48.239 0.416556 0.125251
 321.070  76.295 73.258  2.565 20.126 43.815 48.217 0.417413 0.127456
 326.087  76.547 73.223  2.614 20.158 43.775 48.194 0.418276 0.129668
 331.104  76.800 73.188  2.663 20.191 43.735 48.171 0.419146 0.131888
 336.120  77.055 73.152  2.712 20.223 43.694 48.147 0.420021 0.134115
 341.137  77.311 73.117  2.762 20.255 43.653 48.124 0.420903 0.136350
 346.154  77.569 73.081  2.812 20.288 43.612 48.100 0.421791 0.138593
 351.171  77.828 73.044  2.862 20.321 43.570 48.076 0.422685 0.140843
 356.187  78.089 73.007  2.913 20.354 43.528 48.052 0.423586 0.143101
 361.204  78.351 72.970  2.964 20.387 43.485 48.027 0.424493 0.145367
 366.221  78.615 72.932  3.015 20.421 43.442 48.003 0.425407 0.147641
 371.237  78.880 72.894  3.067 20.454 43.399 47.978 0.426328 0.149922
 376.254  79.147 72.856  3.118 20.488 43.355 47.952 0.427255 0.152212
 381.271  79.415 72.817  3.171 20.522 43.311 47.927 0.428189 0.154509
 386.288  79.686 72.778  3.223 20.556 43.266 47.901 0.429130 0.156814
 391.304  79.957 72.738  3.276 20.590 43.221 47.875 0.430078 0.159128
 396.321  80.230 72.698  3.330 20.624 43.176 47.849 0.431032 0.161449
 401.338  80.505 72.658  3.383 20.659 43.130 47.822 0.431994 0.163779
 406.354  80.782 72.617  3.438 20.694 43.083 47.795 0.432963 0.166116
 411.371  81.060 72.576  3.492 20.728 43.036 47.768 0.433939 0.168462
 416.388  81.340 72.534  3.547 20.763 42.989 47.741 0.434922 0.170816
 421.405  81.621 72.492  3.602 20.799 42.941 47.713 0.435913 0.173179
 426.421  81.904 72.450  3.657 20.834 42.893 47.685 0.436911 0.175550
 431.438  82.189 72.407  3.713 20.870 42.844 47.657 0.437917 0.177929
 436.455  82.475 72.363  3.770 20.905 42.795 47.628 0.438930 0.180316
 441.472  82.763 72.319  3.826 20.941 42.745 47.599 0.439951 0.182712
 446.488  83.053 72.275  3.883 20.977 42.695 47.570 0.440979 0.185117
 451.505  83.344 72.230  3.941 21.013 42.644 47.540 0.442016 0.187530
 456.522  83.638 72.184  3.998 21.050 42.593 47.510 0.443060 0.189951
 461.538  83.933 72.138  4.057 21.086 42.541 47.480 0.444113 0.192381
 466.555  84.229 72.092  4.115 21.123 42.488 47.450 0.445173 0.194820
 471.572  84.528 72.045  4.174 21.160 42.436 47.419 0.446242 0.197268
 476.589  84.828 71.998  4.234 21.197 42.382 47.387 0.447319 0.199724
 481.605  85.130 71.950  4.293 21.235 42.328 47.356 0.448404 0.202189
 486.622  85.433 71.901  4.354 21.272 42.274 47.324 0.449497 0.204663
 491.639  85.739 71.852  4.414 21.310 42.219 47.292 0.450600 0.207146
 496.655  86.046 71.803  4.475 21.347 42.163 47.259 0.451711 0.209638
 501.672  86.355 71.753  4.537 21.385 42.107 47.226 0.452830 0.212139
 506.689  86.666 71.702  4.599 21.424 42.050 47.193 0.453959 0.214649
 511.706  86.979 71.650  4.661 21.462 41.992 47.159 0.455096 0.217168
 516.722  87.293 71.599  4.724 21.500 41.934 47.125 0.456242 0.219696
 521.739  87.610 71.546  4.787 21.539 41.876 47.090 0.457398 0.222234
 526.756  87.928 71.493  4.850 21.578 41.816 47.055 0.458562 0.224780
 531.773  88.248 71.439  4.914 21.617 41.756 47.020 0.459736 0.227336
 536.789  88.570 71.385  4.979 21.656 41.696 46.984 0.460920 0.229902
 541.806  88.894 71.330  5.044 21.695 41.634 46.948 0.462113 0.232476
 546.823  89.219 71.274  5.109 21.735 41.573 46.911 0.463315 0.235061
 551.839  89.547 71.218  5.175 21.774 41.510 46.874 0.464528 0.237654
 556.856  89.876 71.161  5.241 21.814 41.447 46.837 0.465750 0.240257
 561.873  90.208 71.104  5.308 21.854 41.383 46.799 0.466982 0.242870
 566.890  90.541 71.045  5.375 21.894 41.318 46.761 0.468224 0.245493
 571.906  90.876 70.986  5.443 21.935 41.253 46.722 0.469477 0.248125
 576.923  91.213 70.927  5.511 21.975 41.187 46.682 0.470739 0.250767
 581.940  91.552 70.866  5.579 22.016 41.120 46.643 0.472012 0.253418
 586.956  91.893 70.805  5.648 22.057 41.052 46.602 0.473296 0.256080
 591.973  92.236 70.743  5.718 22.098 40.984 46.562 0.474590 0.258752
 596.990  92.581 70.680  5.788 22.139 40.915 46.520 0.475895 0.261433
 602.007  92.927 70.617  5.858 22.180 40.845 46.479 0.477211 0.264125
 607.023  93.276 70.553  5.929 22.222 40.774 46.436 0.478538 0.266826
 612.040  93.627 70.488  6.001 22.263 40.703 46.394 0.479877 0.269538
 617.057  93.979 70.422  6.073 22.305 40.630 46.350 0.481226 0.272260
 622.074  94.334 70.355  6.145 22.347 40.557 46.306 0.482587 0.274992
 627.090  94.690 70.288  6.218 22.389 40.483 46.262 0.483959 0.277734
 632.107  95.048 70.219  6.292 22.431 40.409 46.217 0.485343 0.280487
 637.124  95.409 70.150  6.366 22.473 40.333 46.171 0.486739 0.283251
 642.140  95.771 70.080  6.440 22.516 40.256 46.125 0.488147 0.286024
 647.157  96.135 70.009  6.515 22.559 40.179 46.079 0.489567 0.288809
 652.174  96.501 69.937  6.591 22.601 40.101 46.031 0.490999 0.291603
 657.191  96.869 69.864  6.667 22.644 40.021 45.983 0.492443 0.294409
 662.207  97.240 69.791  6.743 22.687 39.941 45.935 0.493900 0.297225
 667.224  97.612 69.716  6.820 22.730 39.860 45.885 0.495370 0.300052
 672.241  97.986 69.640  6.898 22.774 39.778 45.836 0.496852 0.302890
 677.257  98.361 69.563  6.976 22.817 39.695 45.785 0.498348 0.305739
 682.274  98.739 69.485  7.055 22.860 39.611 45.734 0.499856 0.308598
 687.291  99.119 69.407  7.134 22.904 39.525 45.682 0.501378 0.311469
 692.308  99.501 69.327  7.214 22.948 39.439 45.629 0.502913 0.314351
 697.324  99.884 69.246  7.294 22.991 39.352 45.576 0.504462 0.317244
 702.341 100.270 69.164  7.375 23.035 39.264 45.522 0.506024 0.320148
 707.358 100.657 69.081  7.456 23.079 39.175 45.468 0.507600 0.323063
 712.375 101.046 68.997  7.538 23.123 39.084 45.412 0.509190 0.325990
 717.391 101.437 68.911  7.620 23.168 38.993 45.356 0.510795 0.328928
 722.408 101.830 68.825  7.703 23.212 38.900 45.299 0.512414 0.331878
 727.425 102.225 68.737  7.787 23.256 38.806 45.241 0.514047 0.334839
 732.441 102.621 68.648  7.871 23.300 38.711 45.183 0.515695 0.337811
 737.458 103.019 68.558  7.956 23.345 38.615 45.123 0.517358 0.340795
 742.475 103.419 68.466  8.041 23.389 38.518 45.063 0.519036 0.343791
 747.492 103.821 68.373  8.127 23.434 38.419 45.002 0.520729 0.346799
 752.508 104.225 68.279  8.213 23.478 38.319 44.940 0.522438 0.349819
 757.525 104.630 68.184  8.300 23.523 38.218 44.877 0.524162 0.352850
 762.542 105.037 68.087  8.388 23.567 38.116 44.813 0.525902 0.355894
 767.558 105.445 67.989  8.476 23.612 38.012 44.749 0.527658 0.358949
 772.575 105.855 67.889  8.564 23.657 37.907 44.683 0.529430 0.362017
 777.592 106.267 67.788  8.653 23.701 37.801 44.617 0.531219 0.365097
 782.609 106.680 67.686  8.743 23.746 37.693 44.549 0.533024 0.368189
 787.625 107.095 67.582  8.833 23.790 37.584 44.481 0.534845 0.371293
 792.642 107.511 67.476  8.924 23.835 37.474 44.411 0.536684 0.374410
 797.659 107.929 67.369  9.015 23.879 37.362 44.341 0.538539 0.377539
 802.676 108.348 67.260  9.107 23.924 37.248 44.269 0.540412 0.380681
 807.692 108.768 67.150  9.200 23.968 37.133 44.197 0.542302 0.383835
 812.709 109.190 67.038  9.293 24.012 37.017 44.123 0.544210 0.387002
 817.726 109.613 66.925  9.386 24.056 36.899 44.048 0.546136 0.390182
 822.742 110.037 66.809  9.481 24.100 36.780 43.972 0.548080 0.393375
 827.759 110.462 66.692  9.575 24.144 36.659 43.895 0.550043 0.396580
 832.776 110.888 66.573  9.670 24.188 36.536 43.817 0.552023 0.399798
 837.793 111.316 66.453  9.766 24.232 36.412 43.738 0.554023 0.403030
 842.809 111.744 66.330  9.862 24.275 36.286 43.657 0.556041 0.406274
 847.826 112.173 66.206  9.959 24.318 36.158 43.575 0.558079 0.409532
 852.843 112.603 66.079 10.056 24.361 36.029 43.492 0.560136 0.412803
 857.859 113.033 65.951 10.154 24.404 35.898 43.408 0.562213 0.416087
 862.876 113.464 65.821 10.253 24.447 35.765 43.322 0.564309 0.419385
 867.893 113.896 65.688 10.351 24.489 35.630 43.235 0.566425 0.422696
 872.910 114.328 65.554 10.451 24.531 35.494 43.146 0.568562 0.426021
 877.926 114.760 65.417 10.551 24.573 35.355 43.056 0.570719 0.429359
 882.943 115.193 65.278 10.651 24.614 35.215 42.965 0.572896 0.432711
 887.960 115.625 65.137 10.752 24.655 35.073 42.872 0.575095 0.436077
 892.977 116.058 64.994 10.853 24.696 34.929 42.777 0.577314 0.439457
 897.993 116.491 64.848 10.954 24.736 34.783 42.682 0.579555 0.442851
 903.010 116.923 64.700 11.057 24.776 34.634 42.584 0.581818 0.446258
 908.027 117.355 64.549 11.159 24.816 34.484 42.485 0.584102 0.449680
 913.043 117.786 64.396 11.262 24.855 34.332 42.384 0.586408 0.453116
 918.060 118.217 64.241 11.365 24.893 34.178 42.282 0.588737 0.456566
 923.077 118.647 64.083 11.469 24.931 34.021 42.178 0.591088 0.460030
 928.094 119.076 63.922 11.573 24.968 33.862 42.072 0.593461 0.463509
 933.110 119.504 63.759 11.677 25.005 33.701 41.965 0.595858 0.467003
 938.127 119.931 63.592 11.782 25.041 33.538 41.855 0.598277 0.470511
 943.144 120.356 63.423 11.887 25.076 33.373 41.744 0.600720 0.474033
 948.160 120.780 63.252 11.992 25.111 33.205 41.631 0.603186 0.477570
 953.177 121.201 63.077 12.098 25.145 33.035 41.516 0.605677 0.481122
 958.194 121.621 62.899 12.204 25.178 32.862 41.399 0.608191 0.484689
 963.211 122.039 62.718 12.310 25.211 32.687 41.280 0.610729 0.488271
 968.227 122.453 62.534 12.416 25.242 32.509 41.159 0.613292 0.491868
 973.244 122.866 62.347 12.522 25.273 32.329 41.035 0.615879 0.495480
 978.261 123.275 62.156 12.629 25.302 32.147 40.910 0.618491 0.499107
 983.278 123.681 61.963 12.735 25.331 31.962 40.782 0.621128 0.502750
 988.294 124.083 61.765 12.842 25.359 31.774 40.653 0.623791 0.506408
 993.311 124.482 61.564 12.949 25.385 31.583 40.520 0.626479 0.510081
 998.328 124.876 61.360 13.055 25.411 31.390 40.386 0.629192 0.513770
1003.344 125.267 61.152 13.162 25.435 31.194 40.249 0.631931 0.517474
1008.361 125.652 60.940 13.268 25.457 30.995 40.110 0.634696 0.521194
1013.378 126.033 60.725 13.375 25.479 30.794 39.968 0.637487 0.524930
1018.395 126.408 60.505 13.481 25.499 30.589 39.823 0.640304 0.528682
1023.411 126.777 60.282 13.587 25.518 30.382 39.676 0.643148 0.532449
1028.428 127.140 60.054 13.693 25.535 30.171 39.526 0.646018 0.536232
1033.445 127.497 59.823 13.798 25.550 29.958 39.374 0.648915 0.540032
1038.461 127.847 59.587 13.903 25.564 29.742 39.219 0.651839 0.543847
1043.478 128.190 59.346 14.008 25.576 29.522 39.060 0.654789 0.547679
1048.495 128.524 59.101 14.112 25.587 29.300 38.899 0.657767 0.551527
1053.512 128.851 58.852 14.215 25.595 29.074 38.735 0.660771 0.555392
1058.528 129.169 58.598 14.318 25.601 28.845 38.568 0.663803 0.559272
1063.545 129.477 58.339 14.420 25.606 28.613 38.397 0.666862 0.563170
1068.562 129.776 58.075 14.522 25.608 28.378 38.224 0.669948 0.567083
1073.579 130.064 57.806 14.622 25.608 28.139 38.047 0.673062 0.571014
1078.595 130.342 57.532 14.722 25.606 27.897 37.867 0.676203 0.574961
1083.612 130.608 57.253 14.821 25.601 27.652 37.683 0.679371 0.578925
1088.629 130.862 56.969 14.918 25.593 27.403 37.496 0.682566 0.582905
1093.645 131.104 56.679 15.015 25.583 27.150 37.305 0.685788 0.586903
1098.662 131.332 56.383 15.110 25.570 26.895 37.110 0.689038 0.590917
1103.679 131.546 56.082 15.204 25.555 26.635 36.912 0.692314 0.594948
1108.696 131.745 55.775 15.296 25.536 26.373 36.710 0.695618 0.598996
1113.712 131.929 55.462 15.387 25.514 26.106 36.504 0.698948 0.603062
1118.729 132.097 55.142 15.476 25.489 25.836 36.293 0.702304 0.607144
1123.746 132.247 54.817 15.563 25.461 25.563 36.079 0.705687 0.611244
1128.762 132.380 54.485 15.648 25.429 25.286 35.861 0.709095 0.615361
1133.779 132.494 54.146 15.731 25.393 25.005 35.638 0.712529 0.619494
1138.796 132.588 53.801 15.812 25.354 24.721 35.411 0.715989 0.623646
1143.813 132.661 53.449 15.890 25.310 24.432 35.179 0.719473 0.627814
1148.829 132.714 53.090 15.966 25.263 24.141 34.943 0.722983 0.632000
1153.846 132.743 52.723 16.039 25.211 23.845 34.701 0.726516 0.636203
1158.863 132.749 52.350 16.110 25.155 23.546 34.456 0.730072 0.640423
1163.880 132.731 51.969 16.177 25.094 23.243 34.205 0.733652 0.644661
1168.896 132.686 51.580 16.242 25.029 22.936 33.949 0.737253 0.648915
1173.913 132.615 51.184 16.303 24.959 22.626 33.688 0.740877 0.653188
1178.930 132.516 50.779 16.360 24.883 22.312 33.422 0.744521 0.657477
1183.946 132.388 50.366 16.414 24.802 21.995 33.150 0.748185 0.661783
1188.963 132.229 49.945 16.464 24.716 21.674 32.873 0.751868 0.666107
1193.980 132.039 49.516 16.509 24.624 21.349 32.590 0.755570 0.670448
1198.997 131.815 49.078 16.551 24.526 21.021 32.302 0.759288 0.674805
1204.013 131.558 48.631 16.587 24.423 20.689 32.008 0.763023 0.679180
1209.030 131.264 48.174 16.619 24.312 20.354 31.707 0.766772 0.683571
1214.047 130.933 47.709 16.646 24.196 20.015 31.401 0.770535 0.687980
1219.063 130.563 47.234 16.668 24.072 19.673 31.089 0.774309 0.692404
1224.080 130.153 46.750 16.684 23.942 19.328 30.770 0.778094 0.696845
1229.097 129.701 46.256 16.694 23.804 18.980 30.444 0.781888 0.701303
1234.114 129.206 45.751 16.698 23.659 18.628 30.113 0.785689 0.705776
1239.130 128.665 45.237 16.696 23.506 18.274 29.774 0.789495 0.710265
1244.147 128.078 44.712 16.687 23.346 17.917 29.429 0.793304 0.714769
1249.164 127.443 44.177 16.671 23.177 17.557 29.076 0.797114 0.719289
1254.181 126.757 43.631 16.648 23.000 17.195 28.717 0.800923 0.723824
1259.197 126.019 43.074 16.617 22.814 16.830 28.350 0.804728 0.728373
1264.214 125.228 42.505 16.579 22.620 16.463 27.976 0.808526 0.732936
1269.231 124.381 41.926 16.532 22.416 16.094 27.595 0.812316 0.737513
1274.247 123.476 41.335 16.477 22.202 15.723 27.206 0.816092 0.742103
1279.264 122.513 40.732 16.412 21.980 15.350 26.809 0.819853 0.746705
1284.281 121.488 40.118 16.339 21.747 14.976 26.405 0.823595 0.751320
1289.298 120.400 39.491 16.256 21.504 14.601 25.992 0.827314 0.755945
1294.314 119.247 38.853 16.163 21.250 14.225 25.572 0.831006 0.760581
1299.331 118.027 38.202 16.059 20.986 13.848 25.143 0.834667 0.765226
1304.348 116.738 37.538 15.945 20.711 13.471 24.707 0.838291 0.769879
1309.364 115.378 36.862 15.820 20.425 13.093 24.262 0.841875 0.774540
1314.381 113.946 36.173 15.684 20.128 12.716 23.808 0.845412 0.779207
1319.398 112.439 35.471 15.535 19.819 12.340 23.346 0.848898 0.783878
1324.415 110.855 34.756 15.375 19.498 11.964 22.876 0.852324 0.788552
1329.431 109.194 34.028 15.202 19.164 11.590 22.397 0.855685 0.793227
1334.448 107.452 33.287 15.016 18.819 11.218 21.909 0.858973 0.797901
1339.465 105.628 32.532 14.816 18.461 10.847 21.412 0.862180 0.802571
1344.482 103.721 31.764 14.603 18.091 10.480 20.907 0.865296 0.807235
1349.498 101.729 30.983 14.376 17.707 10.115 20.393 0.868311 0.811890
1354.515  99.650 30.189 14.135 17.311  9.754 19.870 0.871215 0.816533
1359.532  97.482 29.381 13.879 16.901  9.397 19.338 0.873993 0.821158
1364.548  95.226 28.560 13.607 16.478  9.045 18.797 0.876634 0.825762
1369.565  92.878 27.725 13.321 16.042  8.697 18.248 0.879119 0.830339
1374.582  90.438 26.878 13.018 15.593  8.355 17.690 0.881430 0.834884
1379.599  87.905 26.017 12.700 15.130  8.020 17.124 0.883547 0.839387
1384.615  85.279 25.144 12.365 14.653  7.691 16.549 0.885443 0.843842
1389.632  82.557 24.258 12.014 14.163  7.370 15.966 0.887090 0.848238
1394.649  79.741 23.360 11.646 13.660  7.057 15.375 0.888453 0.852563
1399.665  76.829 22.450 11.261 13.143  6.752 14.776 0.889489 0.856802
1404.682  73.821 21.528 10.859 12.613  6.457 14.170 0.890147 0.860938
1409.699  70.718 20.596 10.440 12.070  6.171 13.556 0.890364 0.864949
1414.716  67.519 19.653 10.003 11.513  5.897 12.935 0.890060 0.868810
1419.732  64.225 18.701  9.549 10.944  5.633 12.309 0.889136 0.872488
1424.749  60.837 17.741  9.077 10.362  5.381 11.676 0.887463 0.875942
1429.766  57.356 16.772  8.588  9.768  5.142 11.039 0.884873 0.879120
1434.783  53.782 15.798  8.081  9.162  4.917 10.398 0.881145 0.881954
1439.799  50.118 14.820  7.557  8.545  4.705  9.754 0.875982 0.884354
1444.816  46.365 13.840  7.015  7.916  4.508  9.109 0.868977 0.886201
1449.833  42.525 12.861  6.456  7.276  4.326  8.465 0.859565 0.887329
1454.849  38.600 11.887  5.881  6.626  4.160  7.824 0.846945 0.887502
1459.866  34.594 10.922  5.289  5.967  4.010  7.189 0.829966 0.886376
1464.883  30.508  9.975  4.680  5.298  3.878  6.565 0.806945 0.883422
1469.900  26.347  9.053  4.056  4.620  3.763  5.958 0.775399 0.877794
1474.916  22.113  8.171  3.415  3.935  3.666  5.378 0.731667 0.868034
1479.933  17.811  7.347  2.760  3.242  3.588  4.836 0.670456 0.851413
1484.950  13.444  6.609  2.091  2.543  3.529  4.350 0.584616 0.822148
1489.966   9.017  5.992  1.407  1.838  3.490  3.944 0.465996 0.765486
1494.983   4.534  5.544  0.710  1.128  3.470  3.649 0.309114 0.629261
1500.000   0.000  5.312  0.000  0.414  3.472  3.496 0.118404 0.000034
