   0.000  62.806 74.935
   5.017  62.982 74.915
  10.033  63.160 74.895
  15.050  63.338 74.875
  20.067  63.518 74.854
  25.084  63.698 74.834
  30.100  63.879 74.813
  35.117  64.062 74.792
  40.134  64.245 74.772
  45.150  64.429 74.750
  50.167  64.614 74.729
  55.184  64.801 74.708
  60.201  64.988 74.686
  65.217  65.176 74.664
  70.234  65.365 74.642
  75.251  65.555 74.620
  80.268  65.747 74.597
  85.284  65.939 74.575
  90.301  66.132 74.552
  95.318  66.327 74.529
 100.334  66.522 74.506
 105.351  66.719 74.483
 110.368  66.916 74.459
 115.385  67.115 74.436
 120.401  67.315 74.412
 125.418  67.516 74.387
 130.435  67.718 74.363
 135.451  67.921 74.339
 140.468  68.125 74.314
 145.485  68.330 74.289
 150.502  68.537 74.264
 155.518  68.744 74.238
 160.535  68.953 74.213
 165.552  69.163 74.187
 170.569  69.374 74.161
 175.585  69.586 74.134
 180.602  69.800 74.108
 185.619  70.014 74.081
 190.635  70.230 74.054
 195.652  70.447 74.027
 200.669  70.666 73.999
 205.686  70.885 73.972
 210.702  71.106 73.944
 215.719  71.328 73.915
 220.736  71.551 73.887
 225.752  71.776 73.858
 230.769  72.002 73.829
 235.786  72.229 73.800
 240.803  72.457 73.770
 245.819  72.687 73.740
 250.836  72.918 73.710
 255.853  73.150 73.680
 260.870  73.384 73.649
 265.886  73.619 73.618
 270.903  73.855 73.587
 275.920  74.093 73.556
 280.936  74.332 73.524
 285.953  74.572 73.492
 290.970  74.814 73.459
 295.987  75.057 73.426
 301.003  75.302 73.393
 306.020  75.548 73.360
 311.037  75.795 73.326
 316.053  76.044 73.292
 321.070  76.295 73.258
 326.087  76.547 73.223
 331.104  76.800 73.188
 336.120  77.055 73.152
 341.137  77.311 73.117
 346.154  77.569 73.081
 351.171  77.828 73.044
 356.187  78.089 73.007
 361.204  78.351 72.970
 366.221  78.615 72.932
 371.237  78.880 72.894
 376.254  79.147 72.856
 381.271  79.415 72.817
 386.288  79.686 72.778
 391.304  79.957 72.738
 396.321  80.230 72.698
 401.338  80.505 72.658
 406.354  80.782 72.617
 411.371  81.060 72.576
 416.388  81.340 72.534
 421.405  81.621 72.492
 426.421  81.904 72.450
 431.438  82.189 72.407
 436.455  82.475 72.363
 441.472  82.763 72.319
 446.488  83.053 72.275
 451.505  83.344 72.230
 456.522  83.638 72.184
 461.538  83.933 72.138
 466.555  84.229 72.092
 471.572  84.528 72.045
 476.589  84.828 71.998
 481.605  85.130 71.950
 486.622  85.433 71.901
 491.639  85.739 71.852
 496.655  86.046 71.803
 501.672  86.355 71.753
 506.689  86.666 71.702
 511.706  86.979 71.650
 516.722  87.293 71.599
 521.739  87.610 71.546
 526.756  87.928 71.493
 531.773  88.248 71.439
 536.789  88.570 71.385
 541.806  88.894 71.330
 546.823  89.219 71.274
 551.839  89.547 71.218
 556.856  89.876 71.161
 561.873  90.208 71.104
 566.890  90.541 71.045
 571.906  90.876 70.986
 576.923  91.213 70.927
 581.940  91.552 70.866
 586.956  91.893 70.805
 591.973  92.236 70.743
 596.990  92.581 70.680
 602.007  92.927 70.617
 607.023  93.276 70.553
 612.040  93.627 70.488
 617.057  93.979 70.422
 622.074  94.334 70.355
 627.090  94.690 70.288
 632.107  95.048 70.219
 637.124  95.409 70.150
 642.140  95.771 70.080
 647.157  96.135 70.009
 652.174  96.501 69.937
 657.191  96.869 69.864
 662.207  97.240 69.791
 667.224  97.612 69.716
 672.241  97.986 69.640
 677.257  98.361 69.563
 682.274  98.739 69.485
 687.291  99.119 69.407
 692.308  99.501 69.327
 697.324  99.884 69.246
 702.341 100.270 69.164
 707.358 100.657 69.081
 712.375 101.046 68.997
 717.391 101.437 68.911
 722.408 101.830 68.825
 727.425 102.225 68.737
 732.441 102.621 68.648
 737.458 103.019 68.558
 742.475 103.419 68.466
 747.492 103.821 68.373
 752.508 104.225 68.279
 757.525 104.630 68.184
 762.542 105.037 68.087
 767.558 105.445 67.989
 772.575 105.855 67.889
 777.592 106.267 67.788
 782.609 106.680 67.686
 787.625 107.095 67.582
 792.642 107.511 67.476
 797.659 107.929 67.369
 802.676 108.348 67.260
 807.692 108.768 67.150
 812.709 109.190 67.038
 817.726 109.613 66.925
 822.742 110.037 66.809
 827.759 110.462 66.692
 832.776 110.888 66.573
 837.793 111.316 66.453
 842.809 111.744 66.330
 847.826 112.173 66.206
 852.843 112.603 66.079
 857.859 113.033 65.951
 862.876 113.464 65.821
 867.893 113.896 65.688
 872.910 114.328 65.554
 877.926 114.760 65.417
 882.943 115.193 65.278
 887.960 115.625 65.137
 892.977 116.058 64.994
 897.993 116.491 64.848
 903.010 116.923 64.700
 908.027 117.355 64.549
 913.043 117.786 64.396
 918.060 118.217 64.241
 923.077 118.647 64.083
 928.094 119.076 63.922
 933.110 119.504 63.759
 938.127 119.931 63.592
 943.144 120.356 63.423
 948.160 120.780 63.252
 953.177 121.201 63.077
 958.194 121.621 62.899
 963.211 122.039 62.718
 968.227 122.453 62.534
 973.244 122.866 62.347
 978.261 123.275 62.156
 983.278 123.681 61.963
 988.294 124.083 61.765
 993.311 124.482 61.564
 998.328 124.876 61.360
1003.344 125.267 61.152
1008.361 125.652 60.940
1013.378 126.033 60.725
1018.395 126.408 60.505
1023.411 126.777 60.282
1028.428 127.140 60.054
1033.445 127.497 59.823
1038.461 127.847 59.587
1043.478 128.190 59.346
1048.495 128.524 59.101
1053.512 128.851 58.852
1058.528 129.169 58.598
1063.545 129.477 58.339
1068.562 129.776 58.075
1073.579 130.064 57.806
1078.595 130.342 57.532
1083.612 130.608 57.253
1088.629 130.862 56.969
1093.645 131.104 56.679
1098.662 131.332 56.383
1103.679 131.546 56.082
1108.696 131.745 55.775
1113.712 131.929 55.462
1118.729 132.097 55.142
1123.746 132.247 54.817
1128.762 132.380 54.485
1133.779 132.494 54.146
1138.796 132.588 53.801
1143.813 132.661 53.449
1148.829 132.714 53.090
1153.846 132.743 52.723
1158.863 132.749 52.350
1163.880 132.731 51.969
1168.896 132.686 51.580
1173.913 132.615 51.184
1178.930 132.516 50.779
1183.946 132.388 50.366
1188.963 132.229 49.945
1193.980 132.039 49.516
1198.997 131.815 49.078
1204.013 131.558 48.631
1209.030 131.264 48.174
1214.047 130.933 47.709
1219.063 130.563 47.234
1224.080 130.153 46.750
1229.097 129.701 46.256
1234.114 129.206 45.751
1239.130 128.665 45.237
1244.147 128.078 44.712
1249.164 127.443 44.177
1254.181 126.757 43.631
1259.197 126.019 43.074
1264.214 125.228 42.505
1269.231 124.381 41.926
1274.247 123.476 41.335
1279.264 122.513 40.732
1284.281 121.488 40.118
1289.298 120.400 39.491
1294.314 119.247 38.853
1299.331 118.027 38.202
1304.348 116.738 37.538
1309.364 115.378 36.862
1314.381 113.946 36.173
1319.398 112.439 35.471
1324.415 110.855 34.756
1329.431 109.194 34.028
1334.448 107.452 33.287
1339.465 105.628 32.532
1344.482 103.721 31.764
1349.498 101.729 30.983
1354.515  99.650 30.189
1359.532  97.482 29.381
1364.548  95.226 28.560
1369.565  92.878 27.725
1374.582  90.438 26.878
1379.599  87.905 26.017
1384.615  85.279 25.144
1389.632  82.557 24.258
1394.649  79.741 23.360
1399.665  76.829 22.450
1404.682  73.821 21.528
1409.699  70.718 20.596
1414.716  67.519 19.653
1419.732  64.225 18.701
1424.749  60.837 17.741
1429.766  57.356 16.772
1434.783  53.782 15.798
1439.799  50.118 14.820
1444.816  46.365 13.840
1449.833  42.525 12.861
1454.849  38.600 11.887
1459.866  34.594 10.922
1464.883  30.508  9.975
1469.900  26.347  9.053
1474.916  22.113  8.171
1479.933  17.811  7.347
1484.950  13.444  6.609
1489.966   9.017  5.992
1494.983   4.534  5.544
1500.000   0.000  5.312
