   0.000 0.372542 0.000000
   5.017 0.373114 0.001799
  10.033 0.373690 0.003603
  15.050 0.374269 0.005412
  20.067 0.374851 0.007227
  25.084 0.375437 0.009048
  30.100 0.376026 0.010875
  35.117 0.376619 0.012707
  40.134 0.377216 0.014545
  45.150 0.377816 0.016388
  50.167 0.378419 0.018238
  55.184 0.379027 0.020093
  60.201 0.379637 0.021954
  65.217 0.380252 0.023821
  70.234 0.380871 0.025693
  75.251 0.381493 0.027572
  80.268 0.382119 0.029456
  85.284 0.382749 0.031347
  90.301 0.383382 0.033243
  95.318 0.384020 0.035145
 100.334 0.384661 0.037054
 105.351 0.385307 0.038968
 110.368 0.385957 0.040889
 115.385 0.386610 0.042815
 120.401 0.387268 0.044748
 125.418 0.387930 0.046687
 130.435 0.388596 0.048632
 135.451 0.389266 0.050584
 140.468 0.389940 0.052541
 145.485 0.390619 0.054505
 150.502 0.391302 0.056475
 155.518 0.391990 0.058452
 160.535 0.392681 0.060435
 165.552 0.393378 0.062425
 170.569 0.394079 0.064420
 175.585 0.394784 0.066423
 180.602 0.395494 0.068432
 185.619 0.396208 0.070447
 190.635 0.396927 0.072469
 195.652 0.397651 0.074498
 200.669 0.398380 0.076533
 205.686 0.399113 0.078575
 210.702 0.399851 0.080623
 215.719 0.400594 0.082679
 220.736 0.401342 0.084741
 225.752 0.402095 0.086810
 230.769 0.402853 0.088885
 235.786 0.403616 0.090968
 240.803 0.404384 0.093057
 245.819 0.405157 0.095154
 250.836 0.405936 0.097257
 255.853 0.406720 0.099368
 260.870 0.407509 0.101485
 265.886 0.408303 0.103609
 270.903 0.409103 0.105741
 275.920 0.409909 0.107880
 280.936 0.410720 0.110026
 285.953 0.411536 0.112179
 290.970 0.412358 0.114339
 295.987 0.413186 0.116507
 301.003 0.414020 0.118682
 306.020 0.414859 0.120864
 311.037 0.415705 0.123054
 316.053 0.416556 0.125251
 321.070 0.417413 0.127456
 326.087 0.418276 0.129668
 331.104 0.419146 0.131888
 336.120 0.420021 0.134115
 341.137 0.420903 0.136350
 346.154 0.421791 0.138593
 351.171 0.422685 0.140843
 356.187 0.423586 0.143101
 361.204 0.424493 0.145367
 366.221 0.425407 0.147641
 371.237 0.426328 0.149922
 376.254 0.427255 0.152212
 381.271 0.428189 0.154509
 386.288 0.429130 0.156814
 391.304 0.430078 0.159128
 396.321 0.431032 0.161449
 401.338 0.431994 0.163779
 406.354 0.432963 0.166116
 411.371 0.433939 0.168462
 416.388 0.434922 0.170816
 421.405 0.435913 0.173179
 426.421 0.436911 0.175550
 431.438 0.437917 0.177929
 436.455 0.438930 0.180316
 441.472 0.439951 0.182712
 446.488 0.440979 0.185117
 451.505 0.442016 0.187530
 456.522 0.443060 0.189951
 461.538 0.444113 0.192381
 466.555 0.445173 0.194820
 471.572 0.446242 0.197268
 476.589 0.447319 0.199724
 481.605 0.448404 0.202189
 486.622 0.449497 0.204663
 491.639 0.450600 0.207146
 496.655 0.451711 0.209638
 501.672 0.452830 0.212139
 506.689 0.453959 0.214649
 511.706 0.455096 0.217168
 516.722 0.456242 0.219696
 521.739 0.457398 0.222234
 526.756 0.458562 0.224780
 531.773 0.459736 0.227336
 536.789 0.460920 0.229902
 541.806 0.462113 0.232476
 546.823 0.463315 0.235061
 551.839 0.464528 0.237654
 556.856 0.465750 0.240257
 561.873 0.466982 0.242870
 566.890 0.468224 0.245493
 571.906 0.469477 0.248125
 576.923 0.470739 0.250767
 581.940 0.472012 0.253418
 586.956 0.473296 0.256080
 591.973 0.474590 0.258752
 596.990 0.475895 0.261433
 602.007 0.477211 0.264125
 607.023 0.478538 0.266826
 612.040 0.479877 0.269538
 617.057 0.481226 0.272260
 622.074 0.482587 0.274992
 627.090 0.483959 0.277734
 632.107 0.485343 0.280487
 637.124 0.486739 0.283251
 642.140 0.488147 0.286024
 647.157 0.489567 0.288809
 652.174 0.490999 0.291603
 657.191 0.492443 0.294409
 662.207 0.493900 0.297225
 667.224 0.495370 0.300052
 672.241 0.496852 0.302890
 677.257 0.498348 0.305739
 682.274 0.499856 0.308598
 687.291 0.501378 0.311469
 692.308 0.502913 0.314351
 697.324 0.504462 0.317244
 702.341 0.506024 0.320148
 707.358 0.507600 0.323063
 712.375 0.509190 0.325990
 717.391 0.510795 0.328928
 722.408 0.512414 0.331878
 727.425 0.514047 0.334839
 732.441 0.515695 0.337811
 737.458 0.517358 0.340795
 742.475 0.519036 0.343791
 747.492 0.520729 0.346799
 752.508 0.522438 0.349819
 757.525 0.524162 0.352850
 762.542 0.525902 0.355894
 767.558 0.527658 0.358949
 772.575 0.529430 0.362017
 777.592 0.531219 0.365097
 782.609 0.533024 0.368189
 787.625 0.534845 0.371293
 792.642 0.536684 0.374410
 797.659 0.538539 0.377539
 802.676 0.540412 0.380681
 807.692 0.542302 0.383835
 812.709 0.544210 0.387002
 817.726 0.546136 0.390182
 822.742 0.548080 0.393375
 827.759 0.550043 0.396580
 832.776 0.552023 0.399798
 837.793 0.554023 0.403030
 842.809 0.556041 0.406274
 847.826 0.558079 0.409532
 852.843 0.560136 0.412803
 857.859 0.562213 0.416087
 862.876 0.564309 0.419385
 867.893 0.566425 0.422696
 872.910 0.568562 0.426021
 877.926 0.570719 0.429359
 882.943 0.572896 0.432711
 887.960 0.575095 0.436077
 892.977 0.577314 0.439457
 897.993 0.579555 0.442851
 903.010 0.581818 0.446258
 908.027 0.584102 0.449680
 913.043 0.586408 0.453116
 918.060 0.588737 0.456566
 923.077 0.591088 0.460030
 928.094 0.593461 0.463509
 933.110 0.595858 0.467003
 938.127 0.598277 0.470511
 943.144 0.600720 0.474033
 948.160 0.603186 0.477570
 953.177 0.605677 0.481122
 958.194 0.608191 0.484689
 963.211 0.610729 0.488271
 968.227 0.613292 0.491868
 973.244 0.615879 0.495480
 978.261 0.618491 0.499107
 983.278 0.621128 0.502750
 988.294 0.623791 0.506408
 993.311 0.626479 0.510081
 998.328 0.629192 0.513770
1003.344 0.631931 0.517474
1008.361 0.634696 0.521194
1013.378 0.637487 0.524930
1018.395 0.640304 0.528682
1023.411 0.643148 0.532449
1028.428 0.646018 0.536232
1033.445 0.648915 0.540032
1038.461 0.651839 0.543847
1043.478 0.654789 0.547679
1048.495 0.657767 0.551527
1053.512 0.660771 0.555392
1058.528 0.663803 0.559272
1063.545 0.666862 0.563170
1068.562 0.669948 0.567083
1073.579 0.673062 0.571014
1078.595 0.676203 0.574961
1083.612 0.679371 0.578925
1088.629 0.682566 0.582905
1093.645 0.685788 0.586903
1098.662 0.689038 0.590917
1103.679 0.692314 0.594948
1108.696 0.695618 0.598996
1113.712 0.698948 0.603062
1118.729 0.702304 0.607144
1123.746 0.705687 0.611244
1128.762 0.709095 0.615361
1133.779 0.712529 0.619494
1138.796 0.715989 0.623646
1143.813 0.719473 0.627814
1148.829 0.722983 0.632000
1153.846 0.726516 0.636203
1158.863 0.730072 0.640423
1163.880 0.733652 0.644661
1168.896 0.737253 0.648915
1173.913 0.740877 0.653188
1178.930 0.744521 0.657477
1183.946 0.748185 0.661783
1188.963 0.751868 0.666107
1193.980 0.755570 0.670448
1198.997 0.759288 0.674805
1204.013 0.763023 0.679180
1209.030 0.766772 0.683571
1214.047 0.770535 0.687980
1219.063 0.774309 0.692404
1224.080 0.778094 0.696845
1229.097 0.781888 0.701303
1234.114 0.785689 0.705776
1239.130 0.789495 0.710265
1244.147 0.793304 0.714769
1249.164 0.797114 0.719289
1254.181 0.800923 0.723824
1259.197 0.804728 0.728373
1264.214 0.808526 0.732936
1269.231 0.812316 0.737513
1274.247 0.816092 0.742103
1279.264 0.819853 0.746705
1284.281 0.823595 0.751320
1289.298 0.827314 0.755945
1294.314 0.831006 0.760581
1299.331 0.834667 0.765226
1304.348 0.838291 0.769879
1309.364 0.841875 0.774540
1314.381 0.845412 0.779207
1319.398 0.848898 0.783878
1324.415 0.852324 0.788552
1329.431 0.855685 0.793227
1334.448 0.858973 0.797901
1339.465 0.862180 0.802571
1344.482 0.865296 0.807235
1349.498 0.868311 0.811890
1354.515 0.871215 0.816533
1359.532 0.873993 0.821158
1364.548 0.876634 0.825762
1369.565 0.879119 0.830339
1374.582 0.881430 0.834884
1379.599 0.883547 0.839387
1384.615 0.885443 0.843842
1389.632 0.887090 0.848238
1394.649 0.888453 0.852563
1399.665 0.889489 0.856802
1404.682 0.890147 0.860938
1409.699 0.890364 0.864949
1414.716 0.890060 0.868810
1419.732 0.889136 0.872488
1424.749 0.887463 0.875942
1429.766 0.884873 0.879120
1434.783 0.881145 0.881954
1439.799 0.875982 0.884354
1444.816 0.868977 0.886201
1449.833 0.859565 0.887329
1454.849 0.846945 0.887502
1459.866 0.829966 0.886376
1464.883 0.806945 0.883422
1469.900 0.775399 0.877794
1474.916 0.731667 0.868034
1479.933 0.670456 0.851413
1484.950 0.584616 0.822148
1489.966 0.465996 0.765486
1494.983 0.309114 0.629261
1500.000 0.118404 0.000034
