0.750000 0.134860 28.810 0.833488 0.763725
0.751256 0.133192 28.612 0.835306 0.766043
0.752513 0.131609 28.424 0.837023 0.768245
0.753769 0.130102 28.245 0.838650 0.770343
0.755025 0.128661 28.073 0.840197 0.772350
0.756281 0.127281 27.907 0.841672 0.774274
0.757538 0.125956 27.748 0.843080 0.776122
0.758794 0.124681 27.595 0.844429 0.777902
0.760050 0.123451 27.447 0.845722 0.779618
0.761307 0.122263 27.303 0.846964 0.781277
0.762563 0.121115 27.164 0.848159 0.782881
0.763819 0.120002 27.029 0.849310 0.784436
0.765075 0.118923 26.897 0.850420 0.785944
0.766332 0.117875 26.770 0.851492 0.787408
0.767588 0.116857 26.645 0.852527 0.788831
0.768844 0.115866 26.524 0.853529 0.790216
0.770101 0.114902 26.406 0.854498 0.791564
0.771357 0.113961 26.290 0.855437 0.792879
0.772613 0.113044 26.177 0.856348 0.794160
0.773869 0.112149 26.066 0.857231 0.795411
0.775126 0.111275 25.958 0.858089 0.796633
0.776382 0.110421 25.852 0.858922 0.797827
0.777638 0.109585 25.749 0.859731 0.798994
0.778894 0.108768 25.647 0.860518 0.800136
0.780151 0.107967 25.547 0.861284 0.801253
0.781407 0.107184 25.449 0.862028 0.802348
0.782663 0.106415 25.353 0.862753 0.803420
0.783920 0.105662 25.259 0.863460 0.804470
0.785176 0.104923 25.166 0.864148 0.805501
0.786432 0.104199 25.075 0.864818 0.806511
0.787688 0.103487 24.985 0.865472 0.807503
0.788945 0.102788 24.897 0.866109 0.808476
0.790201 0.102102 24.811 0.866731 0.809431
0.791457 0.101428 24.725 0.867337 0.810370
0.792714 0.100765 24.641 0.867929 0.811292
0.793970 0.100113 24.558 0.868507 0.812198
0.795226 0.099472 24.477 0.869071 0.813089
0.796482 0.098842 24.396 0.869622 0.813964
0.797739 0.098221 24.317 0.870160 0.814826
0.798995 0.097610 24.239 0.870685 0.815673
0.800251 0.097009 24.162 0.871199 0.816507
0.801508 0.096416 24.086 0.871701 0.817328
0.802764 0.095833 24.011 0.872191 0.818135
0.804020 0.095258 23.937 0.872670 0.818931
0.805276 0.094691 23.864 0.873139 0.819714
0.806533 0.094133 23.792 0.873597 0.820485
0.807789 0.093582 23.721 0.874045 0.821246
0.809045 0.093039 23.651 0.874483 0.821994
0.810302 0.092504 23.581 0.874911 0.822733
0.811558 0.091976 23.513 0.875330 0.823460
0.812814 0.091454 23.445 0.875740 0.824177
0.814070 0.090940 23.378 0.876141 0.824884
0.815327 0.090433 23.312 0.876533 0.825582
0.816583 0.089931 23.247 0.876916 0.826269
0.817839 0.089437 23.182 0.877291 0.826948
0.819095 0.088948 23.118 0.877658 0.827617
0.820352 0.088466 23.055 0.878017 0.828277
0.821608 0.087990 22.992 0.878369 0.828929
0.822864 0.087519 22.930 0.878712 0.829572
0.824121 0.087054 22.869 0.879049 0.830207
0.825377 0.086594 22.809 0.879378 0.830833
0.826633 0.086140 22.749 0.879700 0.831452
0.827889 0.085691 22.689 0.880014 0.832063
0.829146 0.085248 22.631 0.880323 0.832666
0.830402 0.084809 22.572 0.880624 0.833261
0.831658 0.084376 22.515 0.880919 0.833850
0.832915 0.083947 22.458 0.881207 0.834431
0.834171 0.083523 22.402 0.881489 0.835005
0.835427 0.083103 22.346 0.881765 0.835572
0.836683 0.082688 22.290 0.882035 0.836132
0.837940 0.082278 22.236 0.882299 0.836685
0.839196 0.081872 22.181 0.882557 0.837232
0.840452 0.081470 22.128 0.882809 0.837773
0.841709 0.081073 22.074 0.883056 0.838307
0.842965 0.080679 22.021 0.883297 0.838835
0.844221 0.080290 21.969 0.883533 0.839357
0.845477 0.079905 21.917 0.883764 0.839874
0.846734 0.079523 21.866 0.883989 0.840384
0.847990 0.079145 21.815 0.884209 0.840888
0.849246 0.078771 21.765 0.884424 0.841387
0.850503 0.078401 21.714 0.884634 0.841880
0.851759 0.078035 21.665 0.884839 0.842368
0.853015 0.077671 21.616 0.885039 0.842850
0.854271 0.077312 21.567 0.885235 0.843327
0.855528 0.076956 21.519 0.885426 0.843799
0.856784 0.076603 21.471 0.885612 0.844266
0.858040 0.076254 21.423 0.885794 0.844728
0.859296 0.075907 21.376 0.885971 0.845184
0.860553 0.075564 21.329 0.886144 0.845636
0.861809 0.075224 21.283 0.886313 0.846083
0.863065 0.074888 21.237 0.886478 0.846525
0.864322 0.074554 21.191 0.886638 0.846963
0.865578 0.074223 21.146 0.886794 0.847396
0.866834 0.073896 21.101 0.886946 0.847824
0.868090 0.073571 21.056 0.887094 0.848248
0.869347 0.073249 21.012 0.887238 0.848668
0.870603 0.072930 20.968 0.887378 0.849083
0.871859 0.072613 20.925 0.887515 0.849494
0.873116 0.072300 20.881 0.887647 0.849901
0.874372 0.071989 20.838 0.887776 0.850304
0.875628 0.071680 20.796 0.887901 0.850702
0.876884 0.071375 20.754 0.888023 0.851097
0.878141 0.071071 20.712 0.888141 0.851487
0.879397 0.070771 20.670 0.888255 0.851874
0.880653 0.070473 20.629 0.888366 0.852257
0.881910 0.070177 20.588 0.888474 0.852636
0.883166 0.069884 20.547 0.888578 0.853011
0.884422 0.069593 20.506 0.888679 0.853382
0.885678 0.069305 20.466 0.888776 0.853750
0.886935 0.069019 20.426 0.888870 0.854114
0.888191 0.068735 20.387 0.888961 0.854475
0.889447 0.068453 20.348 0.889049 0.854832
0.890704 0.068174 20.309 0.889133 0.855185
0.891960 0.067897 20.270 0.889215 0.855535
0.893216 0.067622 20.231 0.889293 0.855882
0.894472 0.067349 20.193 0.889368 0.856225
0.895729 0.067078 20.155 0.889441 0.856566
0.896985 0.066809 20.117 0.889510 0.856902
0.898241 0.066543 20.080 0.889576 0.857236
0.899497 0.066278 20.043 0.889640 0.857566
0.900754 0.066016 20.006 0.889700 0.857893
0.902010 0.065755 19.969 0.889758 0.858217
0.903266 0.065496 19.933 0.889813 0.858538
0.904523 0.065240 19.896 0.889865 0.858856
0.905779 0.064985 19.860 0.889914 0.859171
0.907035 0.064732 19.825 0.889961 0.859483
0.908291 0.064481 19.789 0.890005 0.859792
0.909548 0.064232 19.754 0.890046 0.860098
0.910804 0.063984 19.719 0.890085 0.860401
0.912060 0.063739 19.684 0.890121 0.860701
0.913317 0.063495 19.649 0.890154 0.860999
0.914573 0.063253 19.615 0.890185 0.861294
0.915829 0.063012 19.581 0.890213 0.861586
0.917085 0.062774 19.547 0.890239 0.861875
0.918342 0.062537 19.513 0.890263 0.862161
0.919598 0.062301 19.480 0.890283 0.862445
0.920854 0.062068 19.446 0.890302 0.862727
0.922111 0.061835 19.413 0.890318 0.863005
0.923367 0.061605 19.380 0.890332 0.863281
0.924623 0.061376 19.348 0.890343 0.863555
0.925879 0.061149 19.315 0.890352 0.863826
0.927136 0.060923 19.283 0.890358 0.864094
0.928392 0.060699 19.251 0.890363 0.864360
0.929648 0.060476 19.219 0.890365 0.864624
0.930905 0.060255 19.187 0.890365 0.864885
0.932161 0.060035 19.155 0.890362 0.865144
0.933417 0.059817 19.124 0.890357 0.865400
0.934673 0.059600 19.093 0.890351 0.865654
0.935930 0.059385 19.062 0.890341 0.865906
0.937186 0.059171 19.031 0.890330 0.866155
0.938442 0.058958 19.001 0.890317 0.866402
0.939698 0.058747 18.970 0.890301 0.866647
0.940955 0.058537 18.940 0.890284 0.866890
0.942211 0.058329 18.910 0.890264 0.867130
0.943467 0.058122 18.880 0.890242 0.867368
0.944724 0.057916 18.850 0.890219 0.867604
0.945980 0.057712 18.821 0.890193 0.867838
0.947236 0.057509 18.791 0.890165 0.868070
0.948492 0.057307 18.762 0.890135 0.868300
0.949749 0.057106 18.733 0.890103 0.868527
0.951005 0.056907 18.704 0.890069 0.868753
0.952261 0.056709 18.675 0.890034 0.868976
0.953518 0.056512 18.647 0.889996 0.869197
0.954774 0.056317 18.618 0.889956 0.869417
0.956030 0.056122 18.590 0.889915 0.869634
0.957286 0.055929 18.562 0.889871 0.869850
0.958543 0.055737 18.534 0.889826 0.870063
0.959799 0.055546 18.506 0.889779 0.870274
0.961055 0.055357 18.479 0.889730 0.870484
0.962312 0.055168 18.451 0.889679 0.870692
0.963568 0.054981 18.424 0.889626 0.870897
0.964824 0.054795 18.397 0.889571 0.871101
0.966080 0.054610 18.370 0.889515 0.871303
0.967337 0.054426 18.343 0.889457 0.871503
0.968593 0.054243 18.316 0.889397 0.871702
0.969849 0.054061 18.290 0.889335 0.871898
0.971106 0.053880 18.263 0.889272 0.872093
0.972362 0.053701 18.237 0.889207 0.872286
0.973618 0.053522 18.211 0.889140 0.872477
0.974874 0.053345 18.185 0.889071 0.872666
0.976131 0.053168 18.159 0.889001 0.872854
0.977387 0.052993 18.133 0.888929 0.873040
0.978643 0.052818 18.107 0.888855 0.873224
0.979899 0.052645 18.082 0.888780 0.873407
0.981156 0.052472 18.057 0.888703 0.873588
0.982412 0.052301 18.031 0.888625 0.873767
0.983668 0.052130 18.006 0.888544 0.873944
0.984925 0.051961 17.982 0.888462 0.874120
0.986181 0.051792 17.957 0.888379 0.874295
0.987437 0.051625 17.932 0.888294 0.874467
0.988693 0.051458 17.907 0.888207 0.874638
0.989950 0.051293 17.883 0.888119 0.874808
0.991206 0.051128 17.859 0.888029 0.874976
0.992462 0.050964 17.835 0.887937 0.875142
0.993719 0.050801 17.811 0.887844 0.875307
0.994975 0.050639 17.787 0.887750 0.875470
0.996231 0.050478 17.763 0.887654 0.875632
0.997487 0.050318 17.739 0.887556 0.875792
0.998744 0.050158 17.716 0.887457 0.875951
1.000000 0.050000 17.692 0.887356 0.876108
