   0.000  62.806 74.935
  15.152  63.342 74.874
  30.303  63.887 74.812
  45.455  64.440 74.749
  60.606  65.003 74.684
  75.758  65.575 74.618
  90.909  66.156 74.549
 106.061  66.747 74.479
 121.212  67.347 74.408
 136.364  67.958 74.334
 151.515  68.579 74.259
 166.667  69.210 74.181
 181.818  69.852 74.101
 196.970  70.505 74.020
 212.121  71.169 73.936
 227.273  71.844 73.849
 242.424  72.531 73.761
 257.576  73.230 73.669
 272.727  73.941 73.576
 287.879  74.665 73.479
 303.030  75.401 73.380
 318.182  76.150 73.277
 333.333  76.913 73.172
 348.485  77.689 73.064
 363.636  78.479 72.952
 378.788  79.282 72.836
 393.939  80.101 72.718
 409.091  80.933 72.595
 424.242  81.781 72.468
 439.394  82.644 72.337
 454.545  83.522 72.202
 469.697  84.416 72.063
 484.848  85.326 71.918
 500.000  86.252 71.769
 515.152  87.195 71.615
 530.303  88.154 71.455
 545.455  89.130 71.290
 560.606  90.124 71.118
 575.758  91.135 70.941
 590.909  92.163 70.756
 606.061  93.209 70.565
 621.212  94.273 70.367
 636.364  95.354 70.161
 651.515  96.453 69.947
 666.667  97.570 69.724
 681.818  98.705 69.493
 696.970  99.857 69.252
 712.121 101.026 69.001
 727.273 102.213 68.739
 742.424 103.415 68.467
 757.576 104.634 68.183
 772.727 105.868 67.886
 787.879 107.116 67.576
 803.030 108.378 67.253
 818.182 109.651 66.914
 833.333 110.936 66.560
 848.485 112.229 66.189
 863.636 113.529 65.801
 878.788 114.834 65.393
 893.939 116.141 64.966
 909.091 117.446 64.517
 924.242 118.747 64.046
 939.394 120.039 63.550
 954.545 121.316 63.029
 969.697 122.574 62.480
 984.848 123.807 61.901
1000.000 125.007 61.291
1015.152 126.166 60.648
1030.303 127.275 59.968
1045.455 128.322 59.250
1060.606 129.297 58.491
1075.758 130.186 57.688
1090.909 130.974 56.838
1106.061 131.643 55.937
1121.212 132.173 54.982
1136.364 132.545 53.969
1151.515 132.732 52.895
1166.667 132.709 51.754
1181.818 132.446 50.542
1196.970 131.910 49.256
1212.121 131.064 47.889
1227.273 129.870 46.436
1242.424 128.285 44.894
1257.576 126.263 43.255
1272.727 123.757 41.515
1287.879 120.714 39.670
1303.030 117.083 37.713
1318.182 112.811 35.642
1333.333 107.846 33.453
1348.485 102.138 31.142
1363.636  95.643 28.710
1378.788  88.321 26.157
1393.939  80.145 23.488
1409.091  71.099 20.710
1424.242  61.184 17.838
1439.394  50.417 14.899
1454.545  38.841 11.946
1469.697  26.517  9.089
1484.848  13.533  6.622
1500.000   0.000  5.312
