 6100.00000  23.1088 
 6288.17635   8.1485 
 6476.35271   5.0071 
 6664.52906   3.6443 
 6852.70541   2.8827 
 7040.88176   2.3961 
 7229.05812   2.0583 
 7417.23447   1.8100 
 7605.41082   1.6197 
 7793.58717   1.4692 
 7981.76353   1.3472 
 8169.93988   1.2462 
 8358.11623   1.1612 
 8546.29259   1.0887 
 8734.46894   1.0261 
 8922.64529   0.9715 
 9110.82164   0.9235 
 9298.99800   0.8808 
 9487.17435   0.8427 
 9675.35070   0.8084 
 9863.52705   0.7775 
10051.70341   0.7494 
10239.87976   0.7237 
10428.05611   0.7001 
10616.23246   0.6785 
10804.40882   0.6585 
10992.58517   0.6400 
11180.76152   0.6228 
11368.93788   0.6068 
11557.11423   0.5918 
11745.29058   0.5778 
11933.46693   0.5647 
12121.64329   0.5523 
12309.81964   0.5407 
12497.99599   0.5297 
12686.17234   0.5193 
12874.34870   0.5095 
13062.52505   0.5001 
13250.70140   0.4913 
13438.87776   0.4829 
13627.05411   0.4748 
13815.23046   0.4672 
14003.40681   0.4599 
14191.58317   0.4529 
14379.75952   0.4462 
14567.93587   0.4398 
14756.11222   0.4337 
14944.28858   0.4278 
15132.46493   0.4221 
15320.64128   0.4167 
15508.81764   0.4114 
15696.99399   0.4064 
15885.17034   0.4015 
16073.34669   0.3968 
16261.52305   0.3923 
16449.69940   0.3880 
16637.87575   0.3837 
16826.05210   0.3797 
17014.22846   0.3757 
17202.40481   0.3719 
17390.58116   0.3682 
17578.75752   0.3646 
17766.93387   0.3611 
17955.11022   0.3577 
18143.28657   0.3544 
18331.46293   0.3512 
18519.63928   0.3481 
18707.81563   0.3451 
18895.99198   0.3422 
19084.16834   0.3394 
19272.34469   0.3366 
19460.52104   0.3339 
19648.69739   0.3312 
19836.87375   0.3287 
20025.05010   0.3262 
20213.22645   0.3237 
20401.40281   0.3214 
20589.57916   0.3190 
20777.75551   0.3168 
20965.93186   0.3146 
21154.10822   0.3124 
21342.28457   0.3103 
21530.46092   0.3082 
21718.63727   0.3062 
21906.81363   0.3042 
22094.98998   0.3023 
22283.16633   0.3004 
22471.34269   0.2985 
22659.51904   0.2967 
22847.69539   0.2949 
23035.87174   0.2932 
23224.04810   0.2915 
23412.22445   0.2898 
23600.40080   0.2882 
23788.57715   0.2866 
23976.75351   0.2850 
24164.92986   0.2835 
24353.10621   0.2819 
24541.28257   0.2804 
24729.45892   0.2790 
24917.63527   0.2775 
25105.81162   0.2761 
25293.98798   0.2748 
25482.16433   0.2734 
25670.34068   0.2721 
25858.51703   0.2707 
26046.69339   0.2695 
26234.86974   0.2682 
26423.04609   0.2669 
26611.22244   0.2657 
26799.39880   0.2645 
26987.57515   0.2633 
27175.75150   0.2621 
27363.92786   0.2610 
27552.10421   0.2599 
27740.28056   0.2588 
27928.45691   0.2577 
28116.63327   0.2566 
28304.80962   0.2555 
28492.98597   0.2545 
28681.16232   0.2534 
28869.33868   0.2524 
29057.51503   0.2514 
29245.69138   0.2504 
29433.86774   0.2495 
29622.04409   0.2485 
29810.22044   0.2476 
29998.39679   0.2466 
30186.57315   0.2457 
30374.74950   0.2448 
30562.92585   0.2439 
30751.10220   0.2430 
30939.27856   0.2422 
31127.45491   0.2413 
31315.63126   0.2405 
31503.80762   0.2396 
31691.98397   0.2388 
31880.16032   0.2380 
32068.33667   0.2372 
32256.51303   0.2364 
32444.68938   0.2356 
32632.86573   0.2348 
32821.04208   0.2341 
33009.21844   0.2333 
33197.39479   0.2326 
33385.57114   0.2318 
33573.74749   0.2311 
33761.92385   0.2304 
33950.10020   0.2297 
34138.27655   0.2290 
34326.45291   0.2283 
34514.62926   0.2276 
34702.80561   0.2269 
34890.98196   0.2263 
35079.15832   0.2256 
35267.33467   0.2250 
35455.51102   0.2243 
35643.68737   0.2237 
35831.86373   0.2230 
36020.04008   0.2224 
36208.21643   0.2218 
36396.39279   0.2212 
36584.56914   0.2206 
36772.74549   0.2200 
36960.92184   0.2194 
37149.09820   0.2188 
37337.27455   0.2182 
37525.45090   0.2177 
37713.62725   0.2171 
37901.80361   0.2165 
38089.97996   0.2160 
38278.15631   0.2154 
38466.33267   0.2149 
38654.50902   0.2143 
38842.68537   0.2138 
39030.86172   0.2133 
39219.03808   0.2128 
39407.21443   0.2122 
39595.39078   0.2117 
39783.56713   0.2112 
39971.74349   0.2107 
40159.91984   0.2102 
40348.09619   0.2097 
40536.27255   0.2092 
40724.44890   0.2088 
40912.62525   0.2083 
41100.80160   0.2078 
41288.97796   0.2073 
41477.15431   0.2069 
41665.33066   0.2064 
41853.50701   0.2060 
42041.68337   0.2055 
42229.85972   0.2051 
42418.03607   0.2046 
42606.21242   0.2042 
42794.38878   0.2037 
42982.56513   0.2033 
43170.74148   0.2029 
43358.91784   0.2024 
43547.09419   0.2020 
43735.27054   0.2016 
43923.44689   0.2012 
44111.62325   0.2008 
44299.79960   0.2004 
44487.97595   0.2000 
44676.15230   0.1996 
44864.32866   0.1992 
45052.50501   0.1988 
45240.68136   0.1984 
45428.85772   0.1980 
45617.03407   0.1976 
45805.21042   0.1972 
45993.38677   0.1969 
46181.56313   0.1965 
46369.73948   0.1961 
46557.91583   0.1957 
46746.09218   0.1954 
46934.26854   0.1950 
47122.44489   0.1947 
47310.62124   0.1943 
47498.79760   0.1939 
47686.97395   0.1936 
47875.15030   0.1932 
48063.32665   0.1929 
48251.50301   0.1925 
48439.67936   0.1922 
48627.85571   0.1919 
48816.03206   0.1915 
49004.20842   0.1912 
49192.38477   0.1909 
49380.56112   0.1905 
49568.73747   0.1902 
49756.91383   0.1899 
49945.09018   0.1896 
50133.26653   0.1892 
50321.44289   0.1889 
50509.61924   0.1886 
50697.79559   0.1883 
50885.97194   0.1880 
51074.14830   0.1877 
51262.32465   0.1874 
51450.50100   0.1871 
51638.67735   0.1868 
51826.85371   0.1865 
52015.03006   0.1862 
52203.20641   0.1859 
52391.38277   0.1856 
52579.55912   0.1853 
52767.73547   0.1850 
52955.91182   0.1847 
53144.08818   0.1844 
53332.26453   0.1842 
53520.44088   0.1839 
53708.61723   0.1836 
53896.79359   0.1833 
54084.96994   0.1830 
54273.14629   0.1828 
54461.32265   0.1825 
54649.49900   0.1822 
54837.67535   0.1820 
55025.85170   0.1817 
55214.02806   0.1814 
55402.20441   0.1812 
55590.38076   0.1809 
55778.55711   0.1806 
55966.73347   0.1804 
56154.90982   0.1801 
56343.08617   0.1799 
56531.26253   0.1796 
56719.43888   0.1794 
56907.61523   0.1791 
57095.79158   0.1789 
57283.96794   0.1786 
57472.14429   0.1784 
57660.32064   0.1781 
57848.49699   0.1779 
58036.67335   0.1776 
58224.84970   0.1774 
58413.02605   0.1772 
58601.20240   0.1769 
58789.37876   0.1767 
58977.55511   0.1765 
59165.73146   0.1762 
59353.90782   0.1760 
59542.08417   0.1758 
59730.26052   0.1755 
59918.43687   0.1753 
60106.61323   0.1751 
60294.78958   0.1749 
60482.96593   0.1746 
60671.14228   0.1744 
60859.31864   0.1742 
61047.49499   0.1740 
61235.67134   0.1738 
61423.84770   0.1735 
61612.02405   0.1733 
61800.20040   0.1731 
61988.37675   0.1729 
62176.55311   0.1727 
62364.72946   0.1725 
62552.90581   0.1723 
62741.08216   0.1721 
62929.25852   0.1719 
63117.43487   0.1716 
63305.61122   0.1714 
63493.78758   0.1712 
63681.96393   0.1710 
63870.14028   0.1708 
64058.31663   0.1706 
64246.49299   0.1704 
64434.66934   0.1702 
64622.84569   0.1700 
64811.02204   0.1698 
64999.19840   0.1696 
65187.37475   0.1695 
65375.55110   0.1693 
65563.72745   0.1691 
65751.90381   0.1689 
65940.08016   0.1687 
66128.25651   0.1685 
66316.43287   0.1683 
66504.60922   0.1681 
66692.78557   0.1679 
66880.96192   0.1678 
67069.13828   0.1676 
67257.31463   0.1674 
67445.49098   0.1672 
67633.66733   0.1670 
67821.84369   0.1668 
68010.02004   0.1667 
68198.19639   0.1665 
68386.37275   0.1663 
68574.54910   0.1661 
68762.72545   0.1660 
68950.90180   0.1658 
69139.07816   0.1656 
69327.25451   0.1654 
69515.43086   0.1653 
69703.60721   0.1651 
69891.78357   0.1649 
70079.95992   0.1647 
70268.13627   0.1646 
70456.31263   0.1644 
70644.48898   0.1642 
70832.66533   0.1641 
71020.84168   0.1639 
71209.01804   0.1637 
71397.19439   0.1636 
71585.37074   0.1634 
71773.54709   0.1632 
71961.72345   0.1631 
72149.89980   0.1629 
72338.07615   0.1628 
72526.25251   0.1626 
72714.42886   0.1624 
72902.60521   0.1623 
73090.78156   0.1621 
73278.95792   0.1620 
73467.13427   0.1618 
73655.31062   0.1617 
73843.48697   0.1615 
74031.66333   0.1614 
74219.83968   0.1612 
74408.01603   0.1610 
74596.19238   0.1609 
74784.36874   0.1607 
74972.54509   0.1606 
75160.72144   0.1604 
75348.89780   0.1603 
75537.07415   0.1601 
75725.25050   0.1600 
75913.42685   0.1598 
76101.60321   0.1597 
76289.77956   0.1596 
76477.95591   0.1594 
76666.13226   0.1593 
76854.30862   0.1591 
77042.48497   0.1590 
77230.66132   0.1588 
77418.83768   0.1587 
77607.01403   0.1586 
77795.19038   0.1584 
77983.36673   0.1583 
78171.54309   0.1581 
78359.71944   0.1580 
78547.89579   0.1579 
78736.07214   0.1577 
78924.24850   0.1576 
79112.42485   0.1574 
79300.60120   0.1573 
79488.77756   0.1572 
79676.95391   0.1570 
79865.13026   0.1569 
80053.30661   0.1568 
80241.48297   0.1566 
80429.65932   0.1565 
80617.83567   0.1564 
80806.01202   0.1562 
80994.18838   0.1561 
81182.36473   0.1560 
81370.54108   0.1558 
81558.71743   0.1557 
81746.89379   0.1556 
81935.07014   0.1555 
82123.24649   0.1553 
82311.42285   0.1552 
82499.59920   0.1551 
82687.77555   0.1549 
82875.95190   0.1548 
83064.12826   0.1547 
83252.30461   0.1546 
83440.48096   0.1544 
83628.65731   0.1543 
83816.83367   0.1542 
84005.01002   0.1541 
84193.18637   0.1540 
84381.36273   0.1538 
84569.53908   0.1537 
84757.71543   0.1536 
84945.89178   0.1535 
85134.06814   0.1533 
85322.24449   0.1532 
85510.42084   0.1531 
85698.59719   0.1530 
85886.77355   0.1529 
86074.94990   0.1528 
86263.12625   0.1526 
86451.30261   0.1525 
86639.47896   0.1524 
86827.65531   0.1523 
87015.83166   0.1522 
87204.00802   0.1521 
87392.18437   0.1519 
87580.36072   0.1518 
87768.53707   0.1517 
87956.71343   0.1516 
88144.88978   0.1515 
88333.06613   0.1514 
88521.24248   0.1513 
88709.41884   0.1512 
88897.59519   0.1510 
89085.77154   0.1509 
89273.94790   0.1508 
89462.12425   0.1507 
89650.30060   0.1506 
89838.47695   0.1505 
90026.65331   0.1504 
90214.82966   0.1503 
90403.00601   0.1502 
90591.18236   0.1501 
90779.35872   0.1499 
90967.53507   0.1498 
91155.71142   0.1497 
91343.88778   0.1496 
91532.06413   0.1495 
91720.24048   0.1494 
91908.41683   0.1493 
92096.59319   0.1492 
92284.76954   0.1491 
92472.94589   0.1490 
92661.12224   0.1489 
92849.29860   0.1488 
93037.47495   0.1487 
93225.65130   0.1486 
93413.82766   0.1485 
93602.00401   0.1484 
93790.18036   0.1483 
93978.35671   0.1482 
94166.53307   0.1481 
94354.70942   0.1480 
94542.88577   0.1479 
94731.06212   0.1478 
94919.23848   0.1477 
95107.41483   0.1476 
95295.59118   0.1475 
95483.76754   0.1474 
95671.94389   0.1473 
95860.12024   0.1472 
96048.29659   0.1471 
96236.47295   0.1470 
96424.64930   0.1469 
96612.82565   0.1468 
96801.00200   0.1467 
96989.17836   0.1466 
97177.35471   0.1465 
97365.53106   0.1464 
97553.70741   0.1463 
97741.88377   0.1462 
97930.06012   0.1461 
98118.23647   0.1460 
98306.41283   0.1459 
98494.58918   0.1459 
98682.76553   0.1458 
98870.94188   0.1457 
99059.11824   0.1456 
99247.29459   0.1455 
99435.47094   0.1454 
99623.64729   0.1453 
99811.82365   0.1452 
100000.00000   0.1451 
